        W735           0     1487.24     7070.82
        W734           0     1609.39     7651.54
        W728           0     2810.11     13360.1
        W725           0     1760.23      8368.7
        W724           0     2192.94     10425.9
        W722           0      2527.6       12017
        W718           0     2421.18     11511.1
        W716           0     2602.61     12373.6
        W714           0     3035.42     14431.4
        W709           0     2461.89     11704.6
        W702           0     2314.92     11005.9
        W699           0     1474.95     7012.39
        W697           0     1162.61     5527.41
        W830           0        2169     10312.1
        W695           0     2484.25     11810.9
        W692           0     2569.18     12214.7
        G848           0     1190.33     5659.21
        W691           0      2262.3     10755.7
        G861           0     3359.26       15971
        W687           0     1705.64     8109.14
        W506           0     2923.61     13899.8
        W683           0      2408.3     11449.8
        W675           0     2712.97     12898.3
        W672           0     1039.81     4943.58
        W173           0     2074.08     9860.85
        W670           0     1844.41     8768.91
        W720           0     1242.12     5905.45
        W669           0     2734.96     13002.8
        W887           0     2569.15     12214.6
        W664           0      1031.9     4905.97
        G816           0     1275.91     6066.09
        W663           0     345.222      1641.3
        W662           0     2448.23     11639.6
        W807           0     1359.75      6464.7
        W658           0     1488.44     7076.52
        W656           0     1440.19     6847.14
        W655           0     3143.01     14942.9
        W651           0     2236.36     10632.3
        W649           0     3105.57     14764.9
        G185           0     2908.63     13828.6
        W642           0     2017.04     9589.66
        W641           0     3954.87     18802.7
        W638           0     1578.77     7505.96
        G101           0     5992.08     28488.2
        W635           0     1096.85     5214.75
        W629           0           0           0
        W624           0     2769.12     13165.3
        W622           0     2663.51     12663.2
         W49           0     1350.78     6422.06
        W615           0     695.712     3307.63
        W612           0     2409.61     11456.1
        W609           0     2219.86     10553.9
       W1014           0     1782.71     8475.55
        W608           0     2683.94     12760.3
        W605           0     1902.51     9045.15
        G898           0      2155.5     10247.9
        W634           0     1507.82     7168.64
        W604           0     1406.77     6688.22
        W599           0     2130.73     10130.2
        W592           0     1371.16     6518.91
        W589           0     2161.12     10274.6
        W956           0     2108.01     10022.2
        W588           0     1330.71     6326.63
        W586           0     2148.15       10213
        W580           0      1571.6      7471.9
        W576           0     2207.99     10497.5
         G67           0     3985.12     18946.5
        W573           0     1891.25     8991.59
        W572           0     1881.81     8946.71
        W571           0     2469.84     11742.4
        W688           0     1934.87     9198.99
        W569           0     2017.46     9591.65
        W862           0     1834.79     8723.18
        W566           0      876.23     4165.88
        W564           0     1790.14     8510.89
        W558           0     1395.01      6632.3
        W555           0     2053.12     9761.17
        W554           0      1332.1     6333.23
        W551           0     1850.92     8799.87
        W547           0      2292.5     10899.3
        W546           0     2013.16     9571.21
        W545           0     1347.37     6405.83
        W544           0     2203.74     10477.3
        W674           0     2331.09     11082.7
        W542           0     3084.26     14663.6
        W585           0     1757.05     8353.56
        W537           0     1964.18     9338.31
        W682           0     2115.75     10058.9
        W533           0     1435.29     6823.84
        W529           0     853.169     4056.23
        W525           0     1216.05     5781.48
        W617           0     2330.18     11078.4
        W514           0     2671.53     12701.3
        G122           0     2214.98     10530.7
         W89           0     1731.22     8230.77
        W510           0     2311.05     10987.5
        W509           0     2443.04       11615
         G14           0     2748.36     13066.6
        W503           0     2449.08     11643.7
        W496           0     1302.97     6194.72
        W553           0     2801.38     13318.6
        W494           0      320.82     1525.28
        W492           0     1639.19     7793.21
        W491           0     1522.64      7239.1
        W484           0     1286.61     6116.97
        W481           0     1974.49     9387.36
        W479           0     1801.55     8565.15
        W472           0     2068.94     9836.38
        W471           0      1498.6     7124.83
        W469           0     2392.36       11374
        W550           0     2284.56     10861.5
        W465           0     2344.05     11144.3
        G849           0     4094.14     19464.8
        W460           0     1759.57     8365.54
        W201           0      2467.2     11729.8
        W458           0     2130.54     10129.2
        G476           0     5254.38       24981
        W457           0     1739.51     8270.17
        W456           0     1663.15     7907.15
        W453           0     1425.59      6777.7
        W452           0     2560.72     12174.5
        W451           0     2260.17     10745.6
        W450           0     1387.59     6597.06
        W390           0     1478.59     7029.66
        W447           0     2573.17     12233.7
       W1034           0     2722.22     12942.3
        W441           0     2859.18     13593.5
        W727           0     2148.04     10212.5
        W440           0     1917.78     9117.72
        W567           0     2236.21     10631.7
        W855           0     2025.09     9627.94
        W611           0     2830.31     13456.2
        W435           0     2633.52     12520.6
        W630           0           0           0
        W433           0     2112.81       10045
        W721           0     1750.71     8323.41
        W432           0     2084.56     9910.67
        W802           0     1084.17     5154.49
        W429           0     1870.29     8891.95
        W698           0      1581.1     7517.05
        W428           0     1903.09      9047.9
        W427           0     1270.49     6040.33
        W421           0     1807.33      8592.6
        W645           0     3928.18     18675.8
        W418           0     2284.19     10859.8
        W414           0     2293.72     10905.1
        W413           0      2631.6     12511.5
        W412           0     1601.57     7614.37
        W299           0     2755.37     13099.9
        W409           0     2382.33     11326.4
        W406           0     2016.02     9584.79
        W405           0     1745.79     8300.06
        W397           0      1399.8     6655.09
        W396           0     1627.74     7738.78
        W394           0      1856.1     8824.51
        W654           0     3159.56     15021.5
        W391           0     2157.09     10255.5
        W389           0     1892.07      8995.5
        W388           0     1717.96      8167.7
        W360           0     1807.63     8594.05
        W387           0     1890.21     8986.65
        W385           0     1541.47     7328.64
        W382           0     1609.52     7652.19
        W623           0     2068.38     9833.74
        W380           0     2358.67     11213.9
        W379           0     1226.51     5831.21
        W113           0      1336.7      6355.1
        G742           0     2333.53     11094.4
        W378           0     1613.82     7672.62
        W375           0     2158.85     10263.9
        W952           0     2878.01       13683
        W970           0     1937.99     9213.79
        W370           0     2773.99     13188.4
        W369           0     2445.79       11628
        W366           0     2845.95     13530.5
        W365           0     962.972     4578.27
        W539           0     3048.06     14491.4
        W358           0     1769.71     8413.74
        W470           0      2693.5     12805.7
        W350           0     1883.28     8953.72
        W349           0     1228.57     5840.99
        W345           0     1758.47     8360.34
        W344           0     1750.08     8320.43
        W342           0     770.547     3663.42
        W340           0     2208.98     10502.2
        W415           0     2070.38     9843.22
        W333           0     1562.74     7429.77
        W367           0     2366.29     11250.1
        W332           0     2769.41     13166.7
        W420           0     1445.33     6871.57
        W407           0     1859.49     8840.59
        W327           0      2110.9     10035.9
        W325           0     2225.39     10580.2
        W330           0     2476.91       11776
        W988           0     602.854     2866.16
       W1019           0     2803.76       13330
        W322           0     1576.72     7496.22
        W454           0     466.044     2215.72
        W320           0     1935.85     9203.64
        W313           0     1488.23     7075.52
        W310           0     1177.64     5598.87
        W309           0     1930.81     9179.68
        W306           0     822.874     3912.21
        W300           0     2114.93     10055.1
        W437           0     1326.72     6307.66
        W294           0     1083.84     5152.92
        W459           0     1336.94     6356.24
        W292           0     1773.09     8429.83
        W578           0     1278.13     6076.62
        W291           0     2367.09     11253.9
        W652           0     1357.32     6453.14
        W288           0     3668.42     17440.8
        W284           0     1177.83     5599.79
        W281           0     1678.01     7977.81
        W278           0     2155.54     10248.1
        W296           0     2291.06     10892.4
        W274           0        2113     10045.9
        W272           0     2175.84     10344.6
        W271           0      2428.6     11546.3
        W269           0     1705.89     8110.33
        W329           0      1059.9      5039.1
        W295           0     3333.79     15849.9
        W266           0     1881.15     8943.56
        W265           0     2434.14     11572.6
       W1134           0     2206.17     10488.8
        W376           0     977.744      4648.5
        W260           0     1694.73     8057.28
        W258           0     2898.06     13778.3
        W256           0     2138.65     10167.8
        W254           0     3639.83     17304.9
        W249           0      3221.2     15314.6
        W740           0     2600.64     12364.3
        W246           0     2543.78     12093.9
        W240           0     2759.41     13119.1
         G49           0     3238.82     15398.4
        W448           0     2367.79     11257.2
        W237           0     1329.92     6322.88
        W236           0      3340.6     15882.2
        W231           0     1227.78     5837.26
         G45           0     3179.19     15114.9
        W228           0     1080.39     5136.51
        W226           0     1475.04     7012.83
        W221           0     2458.68     11689.3
        W220           0     2650.78     12602.6
        W219           0     2232.27     10612.9
        W974           0     1097.61     5218.37
        W705           0     2945.08     14001.9
        W215           0     3191.87     15175.2
        W192           0     1569.08     7459.92
        W259           0     1966.51     9349.41
        W213           0     2894.26     13760.2
        G390           0     2507.38     11920.9
        G690           0     5686.14     27033.7
        W701           0     3615.73     17190.3
        W209           0     1666.16     7921.47
        W841           0     1380.45     6563.11
        W207           0      2591.3     12319.8
        W475           0     2120.94     10083.6
        W206           0      1887.4      8973.3
        W205           0     3019.56     14355.9
        W203           0     2321.71     11038.1
        W198           0     2489.05     11833.7
        W308           0     3320.65     15787.4
        W195           0     2202.03     10469.1
        W402           0     3318.04       15775
        W193           0     1088.45     5174.82
        G142           0     4993.55     23740.9
        W191           0     1985.66     9440.43
        W190           0     1919.48      9125.8
        W907           0      3014.2     14330.5
        W183           0     1028.09     4887.88
        W978           0     1218.83     5794.71
        W518           0     1444.66     6868.35
        W181           0     1575.73     7491.53
        W180           0     1835.78     8727.89
        G763           0     3359.04     15969.9
        W225           0     1719.76     8176.28
        W732           0     1540.99     7326.35
        W179           0     1795.71     8537.38
        W178           0      2493.9     11856.8
        G241           0     3101.05     14743.3
        W175           0     2644.75       12574
        W708           0     1925.59     9154.87
        W172           0     1134.56     5394.05
        W170           0     1213.25     5768.19
        W168           0     1197.15     5691.62
         G83           0     4747.44     22570.8
        W805           0     1779.75     8461.48
        W165           0     1872.25     8901.27
        W160           0     700.292     3329.41
        W159           0     1471.72     6997.03
        W156           0      901.66     4286.78
        W154           0     1349.25     6414.77
        W162           0     626.291     2977.59
        W153           0     1361.82     6474.51
        G102           0      4981.9     23685.5
        W403           0      2974.9     14143.6
        W148           0      2991.3     14221.6
        W234           0     1307.76     6217.51
        W145           0     1139.08     5415.55
        W142           0     2160.83     10273.3
        W381           0     2116.37     10061.9
        W523           0     922.383      4385.3
        W141           0     1603.36     7622.89
        W337           0      1977.8     9403.09
        W138           0     3385.41     16095.3
        W137           0      2168.3     10308.8
        G107           0    -332.251    -1579.63
        W631           0     1328.98     6318.41
        W356           0     2636.35       12534
        W134           0     1448.65     6887.34
        W133           0     2463.36     11711.6
        W132           0     1483.33     7052.23
        W131           0     1715.91     8157.97
        W497           0     1253.43     5959.22
        W130           0     717.425     3410.86
        W877           0     2987.68     14204.4
        W126           0     1262.08     6000.31
        W125           0     1856.56     8826.68
        W124           0     1769.09     8410.82
        W123           0     2517.39     11968.5
        W122           0     2525.26     12005.9
        W121           0     2262.94     10758.7
        W423           0     1181.03     5614.97
        W119           0     1056.54     5023.11
        W117           0     971.663     4619.59
        W530           0     1036.82     4929.35
        W392           0     647.071     3076.38
        W339           0     783.479     3724.91
        W116           0     764.721     3635.73
        W111           0     1759.91     8367.17
        W110           0     1769.71     8413.74
        G168           0      4300.9     20447.9
        W108           0     2471.13     11748.5
       W1118           0     2637.45     12539.3
        W587           0     1478.87     7031.02
        W106           0     1401.72     6664.24
        W105           0     2112.23     10042.2
        W100           0     2003.16     9523.64
        W522           0     1612.67     7667.17
         W96           0     1357.53     6454.15
        W868           0     1563.73     7434.46
        W467           0     1380.04     6561.15
        W331           0     2595.11       12338
         W94           0     2738.65     13020.4
         W92           0     976.806     4644.05
        W534           0      2347.1     11158.9
        W374           0     3165.58     15050.2
         W99           0     1967.51     9354.18
         W88           0     1361.81      6474.5
         W83           0     1160.22     5516.06
         W81           0     1195.28     5682.72
         W79           0     1870.79     8894.33
         W78           0     2203.88       10478
        W485           0     1562.66     7429.38
         W77           0     1283.66     6102.95
         W46           0     2159.62     10267.5
        W335           0     1182.13      5620.2
         W76           0      2051.2     9752.07
         W71           0     1584.52     7533.33
         W69           0     1832.34     8711.51
         W36           0     1610.89     7658.67
        W426           0     2517.79     11970.4
         W67           0     2611.15     12414.2
         W61           0     1316.42     6258.69
        W804           0     1851.23     8801.34
        W439           0     2291.71     10895.5
        W352           0     2130.28       10128
         W60           0     3300.48     15691.5
         W57           0     1676.67     7971.41
        G450           0     4179.01     19868.3
         W55           0     861.482     4095.76
         W51           0     1939.72     9222.04
        W443           0     1555.82     7396.85
        W419           0     1700.45     8084.46
         W50           0     3213.34     15277.2
         W41           0     1218.06     5791.05
        W189           0      1805.9     8585.81
         W40           0     1920.57     9130.98
         W39           0      1830.3     8701.84
        W729           0     1331.26     6329.21
         W37           0     2035.39     9676.87
        W410           0     2201.71     10467.6
         W32           0     3035.22     14430.4
         W31           0     2022.75     9616.78
         W65           0     2267.11     10778.6
         W30           0     2351.27     11178.7
         W27           0      1199.2     5701.37
        W666           0     2127.65     10115.5
         W23           0     1709.77     8128.77
        W696           0     752.014     3575.31
         W22           0     2500.04       11886
         W66           0     2394.06     11382.1
         W20           0     1819.23     8649.21
         W19           0     1827.65     8689.23
         G98           0     5595.66     26603.5
         W16           0     2530.08     12028.8
        W275           0      2387.8     11352.4
        W182           0     1570.56     7466.92
         W15           0     2825.65       13434
        W196           0      905.98     4307.31
         W14           0     1787.03     8496.13
        G212           0     4328.88     20580.8
         W12           0     1052.69     5004.81
         W74           0     1874.08     8909.97
          W9           0     677.942     3223.15
          W5           0     2013.21     9571.45
        W524           0     1936.72     9207.78
          W4           0     1623.44     7718.34
         W62           0     2536.29     12058.3
          W3           0     1468.57     6982.07
          W2           0     1604.25     7627.09
        W703           0     1819.26     8649.33
        W251           0     1372.43     6524.98
       W1002           0     2968.88       14115
         G27           0     3129.65     14879.3
        W482           0      2149.5     10219.4
       W1098           0     1149.35     5464.37
        W893           0     2363.42     11236.4
        W109           0     1940.79     9227.12
         W24           0     1353.42     6434.57
        G665           0     3008.45     14303.1
        W373           0     1909.96     9080.53
        W202           0     1207.98     5743.12
        W930           0     1434.44     6819.78
         G25           0     5112.71     24307.4
          G3           0     6469.85     30759.7
        W252           0     1547.49     7357.26
        W200           0     791.651     3763.76
        W422           0     1812.01     8614.86
        W235           0     1997.79     9498.12
        W526           0      2180.5     10366.8
       W1127           0     2731.51     12986.5
        G886           0     2059.71     9792.49
        W139           0     1177.57     5598.54
        G326           0     3588.51     17060.9
         W75           0     2340.62       11128
        W512           0     1738.24     8264.15
        W577           0     3364.95       15998
        W478           0     1873.55     8907.46
        W268           0     1325.42     6301.44
        W731           0     1710.08     8130.25
       W1077           0      2641.8     12559.9
         G94           0     2994.78     14238.1
        G576           0     2362.38     11231.5
        W416           0     1859.46     8840.48
        W811           0     2105.46       10010
        W508           0     1558.36     7408.94
        G627           0     4882.48     23212.9
        W217           0     1568.17     7455.57
        G900           0     1.91477     9.10341
        G899           0      2640.5     12553.8
        G897           0     3247.37       15439
       W1029           0     2472.63     11755.6
         W52           0      3183.7     15136.3
        G896           0     871.853     4145.07
        G894           0      3024.9     14381.3
        G892           0     4712.39     22404.2
        G891           0     2813.96     13378.5
        G887           0     3301.47     15696.2
        W186           0     1420.41     6753.07
        G885           0     4096.45     19475.8
       W1003           0     1788.38     8502.55
        G883           0     1888.28     8977.48
        G882           0     3027.81     14395.2
       W1035           0     2589.87     12313.1
        G118           0     2602.25     12371.9
        G881           0     3059.87     14547.6
        G874           0     3396.01     16145.7
        G873           0     2846.51     13533.2
        W676           0     2094.05     9955.76
        G872           0     3746.24     17810.8
       W1061           0     867.635     4125.01
        G870           0     1441.96     6855.54
        W103           0     2401.92     11419.5
        G869           0      3633.4     17274.3
        W597           0           0           0
        G868           0     2096.97     9969.66
        G866           0     2364.24     11240.4
        W480           0     1506.28     7161.34
        G865           0     1473.38      7004.9
       W1012           0     3299.03     15684.6
        W305           0     2303.03     10949.4
        G860           0     3031.47     14412.6
        W233           0     2208.71     10500.9
        W280           0     1618.99     7697.19
        G859           0     3614.54     17184.7
        G858           0     4630.91     22016.8
        G854           0      3405.2     16189.4
        W694           0     1241.83     5904.07
        W239           0     1938.79     9217.64
        G852           0     2345.31     11150.4
        W136           0     2603.43     12377.5
        G850           0     2780.75     13220.6
        G847           0     1080.99     5139.35
        W700           0     1090.44     5184.29
        G846           0     2929.97       13930
        W483           0     2777.92     13207.1
        G841           0     2155.41     10247.5
        G839           0     1472.72     7001.76
       W1089           0      2195.4     10437.6
        W404           0     1787.72     8499.37
        G838           0     2032.14     9661.42
        G836           0     2643.87     12569.8
        W937           0     2935.34     13955.5
        W368           0     2708.88     12878.9
        G835           0      1915.7     9107.83
        G834           0     3528.18     16774.1
        G832           0     1766.22     8397.16
        G831           0     2029.02     9646.58
        W357           0     2096.46     9967.23
        G830           0      4214.8     20038.5
        G829           0     4048.84     19249.5
         W25           0     1864.95     8866.56
        G827           0     3107.13     14772.3
        G825           0      848.74     4035.18
         G47           0     4192.92     19934.5
         W43           0     2754.29     13094.8
        G824           0     1834.38     8721.25
        G661           0     2962.66     14085.4
        G823           0     2286.15     10869.1
        G857           0     3652.92     17367.1
        W899           0     2307.25     10969.4
        W686           0     1639.57     7795.03
        G758           0     3676.78     17480.6
        G300           0     3355.43     15952.8
        G362           0     2860.23     13598.5
        G569           0     3462.26     16460.7
        G389           0     3781.23     17977.1
         G82           0      6119.2     29092.6
        W620           0     2101.79     9992.56
        G159           0     3489.96     16592.4
        G270           0     5334.47     25361.7
        W680           0     2825.42     13432.9
        G365           0     2545.68       12103
        W242           0     2335.15       11102
        G360           0     3699.59       17589
         G96           0     3846.36     18286.8
       W1156           0     3101.38       14745
        G483           0     1637.98     7787.48
        W293           0     1881.08     8943.23
        G632           0     5209.39     24767.1
       W1153           0     2701.83     12845.4
        W527           0     3765.61     17902.9
        W316           0     1695.46     8060.76
        G544           0     3138.04     14919.3
        G335           0     2897.01     13773.3
        W563           0     39.4051     187.344
         G13           0     2822.53     13419.2
        W199           0     825.014     3922.38
        G334           0     2243.53     10666.5
       W1123           0     2898.72     13781.4
        G146           0     6392.52     30392.1
        G332           0     2348.59     11165.9
        W665           0     3191.66     15174.2
        G864           0     4813.11       22883
         W38           0     1028.94     4891.88
        G329           0     4475.33     21277.1
        W770           0     1264.93     6013.88
        G781           0     3958.73       18821
        W850           0      2411.9     11466.9
        G333           0     2902.79     13800.8
        G725           0     3705.18     17615.6
        W549           0     1948.82      9265.3
        W408           0     3633.47     17274.7
        W633           0     1994.58     9482.87
         G90           0     3264.67     15521.3
        G536           0     4216.25     20045.4
        W255           0     2110.26     10032.9
        G305           0     2599.77     12360.1
        W197           0     2365.78     11247.7
        G304           0     1501.39      7138.1
        G296           0      4526.4     21519.9
        W229           0     2368.21     11259.2
        W463           0      1498.6     7124.81
        G600           0     2270.03     10792.4
        G777           0     1648.45     7837.26
        W619           0     1783.07     8477.29
        G355           0     4324.65     20560.8
        G656           0     3354.15     15946.7
        G511           0     2833.16     13469.7
        G828           0     1700.77        8086
        G815           0     2946.15     14006.9
        W505           0     2088.34     9928.62
        G727           0     2491.01       11843
        G295           0     4522.31     21500.5
        G273           0     2699.84     12835.9
        W114           0      1478.6     7029.73
        G267           0     2853.14     13564.7
        W960           0     2466.74     11727.6
        G863           0     3811.77     18122.4
        G237           0     1804.73     8580.27
        W264           0     2027.36     9638.69
        G716           0     6336.82     30127.2
        W536           0        1412     6713.08
        G596           0     4744.81     22558.3
         G51           0     3988.36     18961.9
        W490           0     944.475     4490.33
        G567           0     3851.17     18309.7
        W636           0     743.702      3535.8
         G80           0     3479.35     16541.9
        W834           0     1251.89     5951.89
        W461           0      1429.2     6794.85
        W883           0     2242.73     10662.6
       W1097           0     1792.84     8523.74
        G239           0     3533.92     16801.4
        W726           0     1996.23      9490.7
        G388           0     4629.82     22011.6
        G720           0     4230.18     20111.6
        W747           0      2455.4     11673.7
        G890           0     2850.12     13550.4
        W643           0     3319.27     15780.9
        G236           0     2231.13     10607.5
        G151           0     5159.92     24531.9
         G32           0     4767.69     22667.1
        W602           0     1125.65     5351.69
        W323           0     1492.43     7095.46
        G566           0     5816.56     27653.8
        W947           0     3349.32     15923.7
        G746           0     2799.58     13310.1
        W326           0     1670.87     7943.84
        G743           0     2605.72     12388.4
        G747           0     3864.16     18371.5
        W500           0     1515.21     7203.77
        W750           0     2013.79      9574.2
        G814           0     1674.57     7961.44
        W346           0     2484.43     11811.8
        G139           0     2892.51     13751.9
        G163           0     3633.01     17272.5
        W348           0        1965     9342.21
        W241           0     1274.42     6058.98
        G416           0     4420.76     21017.7
        W806           0     2481.35     11797.1
        W214           0        2274     10811.3
        G791           0     2131.87     10135.6
        G269           0     3845.64     18283.4
        G182           0     2857.59     13585.9
        W792           0     1531.61     7281.73
         G24           0     4957.34     23568.7
        G179           0     3166.82       15056
        G506           0     6214.07     29543.7
         W90           0     1129.31     5369.08
         G76           0     6231.71     29627.5
        G574           0     4936.64     23470.3
        W283           0      1508.3     7170.91
        G575           0     3102.44       14750
        G208           0     3409.72     16210.9
        G765           0     2926.97     13915.8
        G207           0     5297.94     25188.1
        W684           0     2796.99     13297.8
         G65           0     6103.53     29018.1
        G209           0     3506.58     16671.4
       W1069           0     3039.14       14449
        W351           0     1083.96     5153.46
        G840           0     2104.85     10007.1
        G206           0      4321.6     20546.3
        G764           0     1414.15     6723.31
         W63           0     1831.55     8707.77
        W532           0     1504.42      7152.5
        G160           0     3576.83     17005.4
        W163           0     1262.09     6000.36
        W934           0     2637.73     12540.6
       W1063           0     2223.41     10570.8
        W489           0     1269.67     6036.42
        W188           0     1392.93     6622.44
        G878           0     2535.42     12054.2
        G106           0     4183.24     19888.4
        W614           0     1854.87     8818.65
        G625           0     5751.66     27345.2
        W607           0      2325.1     11054.2
        W493           0     1407.49     6691.65
        W906           0     1444.76     6868.86
        W717           0     4078.45     19390.2
         G92           0     4146.62     19714.3
         G36           0     3058.71     14542.1
         G37           0     3746.23     17810.8
        G721           0     2599.04     12356.7
        G297           0     5776.35     27462.6
        W755           0      1449.1     6889.47
        W372           0     1189.55     5655.48
        G211           0     1738.28     8264.31
        G246           0     4072.39     19361.4
        G238           0     4349.65     20679.6
        W212           0     2216.55     10538.2
         G75           0     3908.88     18584.1
        G509           0     3957.71     18816.2
       W1110           0     1758.09     8358.53
        W543           0     2671.82     12702.7
       W1124           0     1219.98     5800.16
        G162           0        2538     12066.5
        G819           0      2240.7       10653
        G895           0     3500.75     16643.7
        G884           0     3257.53     15487.3
       W1055           0     2444.82     11623.5
        G842           0     3353.51     15943.6
        G128           0     3524.82     16758.1
        G385           0     3428.03       16298
        W973           0     2203.28     10475.1
        W982           0     2723.43     12948.1
        W912           0     2031.61     9658.93
        W552           0     1582.04     7521.53
        W818           0     1727.78     8214.41
        G761           0     3402.58     16176.9
        G455           0     4674.64     22224.7
        W204           0     1898.99      9028.4
       W1049           0      2426.7     11537.3
        G565           0     3487.75     16581.9
        G545           0     3800.78     18070.1
         G12           0     3922.27     18647.7
        W625           0     1168.88     5557.22
        G573           0     2059.25     9790.33
        W395           0     1128.77     5366.55
       W1130           0     1946.28     9253.25
        W436           0     1896.16     9014.95
        W128           0     1409.73     6702.29
        W933           0     2637.64     12540.2
       W1042           0     2304.99     10958.6
        G601           0     3440.28     16356.2
       W1087           0     3086.86     14675.9
        W673           0     1613.77     7672.38
        W886           0     2268.02     10782.9
       W1120           0     3353.46     15943.4
        G604           0     2898.48     13780.3
        G629           0     5409.46     25718.3
        W820           0     3492.57     16604.8
        G809           0     1416.64     6735.17
        G452           0     3980.95     18926.7
        G751           0     2673.14       12709
       W1041           0     2916.88     13867.8
        G363           0     1441.07     6851.28
       W1071           0     1450.27     6895.04
        W593           0     1227.05     5833.79
         W80           0     1971.94     9375.24
        W871           0     1003.16     4769.32
        G325           0     4993.45     23740.4
        G658           0     5275.89     25083.3
        G167           0     4642.28     22070.9
        W771           0     1349.59      6416.4
        W846           0     3023.57       14375
        G775           0     68.1712     324.107
        G331           0     4229.58     20108.8
          G8           0     6373.99       30304
         W47           0      1641.1     7802.29
        G664           0     2406.91     11443.2
       W1144           0     2214.99     10530.8
        G685           0     4491.28     21352.9
          W7           0     2428.15     11544.2
        W166           0     942.079     4478.94
        G756           0     3434.67     16329.5
        G687           0        3544     16849.3
        G693           0     3390.35     16118.8
        W964           0     1346.26     6400.52
        G817           0     4410.67     20969.7
       W1129           0     2495.22     11863.1
        W446           0     2659.69       12645
        G724           0     6593.96     31349.8
         W84           0     815.365      3876.5
        G803           0     3506.08       16669
        W794           0     2738.17     13018.1
       W1150           0     576.615     2741.41
        W998           0     2317.94     11020.2
        G750           0     3335.44     15857.7
        W817           0     2981.81     14176.5
        W723           0     1801.76     8566.15
        W591           0     2632.93     12517.8
        W829           0     2392.53     11374.9
        W315           0     3066.77     14580.4
        W338           0     1554.97      7392.8
        W926           0     3207.11     15247.6
        W777           0     2798.52       13305
       W1033           0     1855.33     8820.84
       W1009           0     2160.97     10273.9
        W301           0     1504.59      7153.3
        W150           0     658.005     3128.36
       W1016           0     1855.02     8819.37
        G779           0     2087.74     9925.77
        G666           0        2783     13231.3
        W881           0     3366.81     16006.9
        G818           0     2429.62     11551.2
        G717           0     5358.86     25477.7
         G69           0     6693.52     31823.1
        W751           0     2042.97     9712.92
       W1054           0     3263.67     15516.5
        W858           0      3132.4     14892.4
        W969           0     4199.72     19966.8
        W742           0     2582.04     12275.8
        W903           0      2779.8     13216.1
        W364           0     1353.89     6436.83
        W362           0      2361.6     11227.8
         W34           0     2969.21     14116.6
       W1111           0     2651.81     12607.5
        W995           0     1949.49     9268.51
        W955           0     1847.88     8785.41
        W167           0     843.602     4010.75
        G786           0     3141.27     14934.6
        W474           0     1978.15     9404.77
        G730           0      1751.2     8325.78
        W919           0     3588.33     17060.1
        W247           0     1022.68     4862.15
        G787           0     3967.41     18862.3
        G799           0     2934.44     13951.3
       W1086           0      3229.8     15355.5
        W882           0     3400.48     16166.9
        G810           0     2306.67     10966.6
        W155           0     1937.71      9212.5
       W1043           0     3231.27     15362.5
        G119           0     2218.63     10548.1
        W744           0     2073.06     9855.99
        W286           0     3223.21     15324.1
       W1121           0     2167.44     10304.7
        G812           0     4467.58     21240.3
        G737           0     3162.68     15036.4
        W748           0     2617.88     12446.2
        W752           0     1669.44     7937.05
       W1052           0     2181.86     10373.3
        W961           0     2934.71     13952.5
        W798           0     1416.66     6735.24
        W363           0     1495.49     7110.02
        G628           0      3893.8     18512.4
       W1135           0     1449.19     6889.92
        G773           0     3027.66     14394.5
        G749           0     2280.29     10841.2
        G542           0      2993.5       14232
       W1141           0     2373.07     11282.3
        W827           0     1599.62     7605.08
        W916           0     1976.54     9397.08
       W1140           0     1952.93     9284.84
        W176           0     2266.49     10775.6
        W768           0     2384.72     11337.7
       W1082           0     2660.17     12647.3
       W1093           0     1352.01     6427.86
        G514           0     2815.13       13384
        W776           0     2736.79     13011.5
        G508           0     3265.68     15526.1
        W853           0     1554.86     7392.28
        W253           0     2845.57     13528.7
        W885           0     2344.58     11146.9
        W430           0     2974.28     14140.7
        W570           0     1206.32     5735.23
        W245           0     2608.66     12402.4
         G15           0     5567.04     26467.5
        W780           0     2692.62     12801.6
        W519           0     1616.49     7685.29
        W211           0     2769.53     13167.2
        G851           0     2513.46     11949.8
        W854           0     3605.46     17141.5
        W660           0     1820.42     8654.86
        W298           0     2282.33     10850.9
        W769           0     2337.93     11115.2
        G298           0     3879.32     18443.5
        W796           0     3514.73     16710.1
        W800           0     943.382     4485.14
        G806           0     2028.06     9642.05
        W767           0     2048.22      9737.9
        W842           0      3361.2     15980.2
        W187           0     994.807     4729.63
        W749           0     2480.08     11791.1
        W931           0      2507.7     11922.4
        W627           0     2212.26     10517.8
        W157           0     1389.34     6605.37
         G50           0      5640.5     26816.7
        W825           0     2226.73     10586.6
        W223           0     1386.53     6592.02
       W1143           0     2702.34     12847.8
        W809           0     1992.06     9470.87
        G510           0     4088.33     19437.2
        W860           0     2532.34     12039.6
        W706           0     1059.82     5038.71
        G686           0     3568.65     16966.5
        W812           0     3139.26       14925
        W813           0     3495.01     16616.4
        W814           0     2314.04     11001.7
        W941           0     2390.76     11366.4
        W317           0     1583.44     7528.19
        W464           0     1153.82     5485.63
        W540           0     961.996     4573.63
        W174           0     1311.54     6235.49
        G788           0     2166.59     10300.6
        W579           0     1436.28     6828.51
        G634           0     3680.18     17496.7
       W1038           0     2443.87     11618.9
       W1007           0     3293.08     15656.3
        W826           0     1556.85     7401.75
       W1096           0     2014.67     9578.35
        G748           0     2567.68     12207.6
        W832           0     1905.35     9058.64
        W983           0     2052.78     9759.58
       W1090           0     3037.18     14439.7
         G21           0     4801.29     22826.9
        W989           0     2009.87     9555.55
        W981           0     2235.25     10627.1
       W1114           0     1553.18     7384.32
       W1136           0     1925.81      9155.9
        G599           0     5779.98     27479.8
        W177           0      2792.4     13275.9
       W1018           0     1958.56      9311.6
        W244           0      1339.1     6366.48
        W866           0     2072.34     9852.57
       W1020           0     2867.66     13633.8
       W1005           0     3152.81     14989.4
        W835           0     1.95024     9.27207
        W730           0     1981.97     9422.91
       W1076           0     2384.42     11336.3
        W668           0     1651.69     7852.65
       W1027           0     2816.91     13392.5
        G660           0     3712.94     17652.5
       W1050           0     2509.58     11931.3
        G157           0     5409.04     25716.3
        W319           0     2290.78     10891.1
        W831           0     1599.29     7603.52
       W1004           0      3557.1     16911.6
        W473           0     1483.04     7050.83
       W1045           0     3374.45     16043.2
        W417           0     1802.63     8570.25
       W1155           0      2613.5     12425.4
        W785           0      2834.7       13477
       W1053           0      4287.6     20384.6
         W45           0     1685.55     8013.64
        W758           0     1779.15     8458.64
         G35           0     4598.99     21865.1
        G731           0     2250.33     10698.8
        W979           0     258.529     1229.13
        G718           0     4498.54     21387.5
       W1095           0     2154.76     10244.4
       W1024           0     998.275     4746.12
        G156           0     2476.32     11773.2
       W1048           0     3568.11     16963.9
        G879           0     3317.99     15774.8
        W693           0     1169.63     5560.78
        W477           0     2515.47     11959.3
        W400           0      1917.8     9117.83
       W1108           0     907.761     4315.78
         G84           0     6355.69       30217
        W462           0     1078.99     5129.85
       W1021           0     2543.21     12091.2
        G123           0     3580.73     17023.9
        W859           0     2512.53     11945.4
        G889           0     3504.84     16663.1
        G516           0     2029.27     9647.77
        W297           0     2989.58     14213.4
        G214           0     3520.55     16737.8
       W1057           0     2287.78     10876.8
       W1070           0     1895.99     9014.12
        W499           0     2154.79     10244.6
       W1149           0     2326.05     11058.8
        W938           0     2083.92     9907.63
       W1010           0     2121.29     10085.3
        W999           0      2348.7     11166.5
         W28           0     1449.14     6889.67
        G732           0     1277.45     6073.42
         W17           0     3108.43     14778.5
         W13           0     1607.66     7643.31
        G826           0     2659.72     12645.1
       W1113           0     3183.83       15137
        W909           0      2498.9     11880.5
        G394           0     2879.42     13689.7
        W766           0     3472.18     16507.8
       W1117           0     3306.59     15720.6
        W921           0     1865.82     8870.71
       W1085           0     2485.83     11818.4
       W1064           0     1621.75     7710.31
        W304           0     2126.55     10110.3
       W1138           0     2713.17     12899.3
         W95           0     1509.02     7174.36
        W994           0     1916.67     9112.44
        W704           0     814.322     3871.54
        W516           0     1077.57     5123.13
        W282           0     2069.78     9840.38
        G871           0     4515.98     21470.4
        W795           0      3112.7     14798.8
       W1051           0     3874.53     18420.7
        W144           0     1647.02     7830.47
        G802           0      2726.9     12964.5
        W986           0     3465.01     16473.8
        W431           0     3488.54     16585.6
        W910           0     1920.86      9132.4
         G53           0     4618.27     21956.7
        W517           0     3170.13     15071.8
        W922           0     2464.68     11717.9
        W712           0     2746.65     13058.4
        W679           0     3305.03     15713.1
        G794           0     2257.76     10734.1
        G421           0     5731.82     27250.9
         W93           0     975.738     4638.97
        W353           0     1689.39     8031.88
        G843           0     2413.03     11472.3
       W1037           0     2024.74     9626.23
         G52           0     3017.41     14345.7
        W949           0     2593.93     12332.4
        W513           0     790.399     3757.81
       W1132           0     1476.25     7018.58
        W932           0     1175.74     5589.86
        G391           0      2719.7     12930.3
        G771           0     2891.75     13748.3
        W897           0     2780.94     13221.5
        W896           0     3126.76     14865.6
        W120           0     977.579     4647.72
       W1006           0     2269.01     10787.6
        W690           0     1351.32      6424.6
       W1017           0     1672.05     7949.43
        G132           0     4597.15     21856.3
        W164           0     1279.32     6082.28
        W438           0     2464.47     11716.9
       W1103           0     1460.74     6944.83
        W782           0     4004.51     19038.7
        G125           0     2631.51       12511
        W610           0     2138.07     10165.1
       W1115           0     1425.19      6775.8
        W218           0     1171.33     5568.87
        G790           0     1798.13     8548.88
       W1056           0        2277     10825.6
       W1133           0     1627.98     7739.94
        W307           0     2285.19     10864.5
        W143           0     2450.52     11650.6
       W1119           0     3033.95     14424.3
        W840           0     1493.03     7098.33
        W147           0     817.281     3885.61
        W823           0     1312.94     6242.15
        W681           0     3142.68     14941.3
        W741           0     1505.78     7158.97
       W1091           0     1710.73     8133.37
       W1065           0     2346.09       11154
        W560           0           0           0
        W908           0     2250.52     10699.7
        W774           0     3151.47     14983.1
        W738           0     2221.94     10563.8
        G540           0     2564.21     12191.1
        G691           0     2055.95     9774.62
        W746           0     2573.27     12234.1
       W1154           0     3788.72     18012.8
        G856           0     2894.62     13761.9
        G535           0     4047.05     19240.9
       W1073           0     2942.01     13987.2
          G2           0     4104.45     19513.8
         W21           0        1587     7545.11
       W1152           0     3556.77       16910
        W894           0      1463.1     6956.03
         W56           0     2003.01     9522.94
        W102           0     2373.93     11286.4
        G768           0     1904.26     9053.45
        W833           0     2376.02     11296.3
        W754           0     1381.03     6565.83
        G266           0     828.833     3940.54
        W548           0     2123.22     10094.5
        W824           0     2062.79     9807.14
        W790           0     2507.32     11920.6
        W880           0     2183.84     10382.7
        W763           0     1432.86     6812.28
         G17           0     6247.62     29703.2
        W848           0     2018.57      9596.9
       W1151           0     2241.16     10655.2
        G789           0     3422.43     16271.3
        G728           0     1799.16     8553.79
         G97           0      5358.3     25475.1
        W992           0     2537.51     12064.1
        G635           0     3347.32     15914.2
        W890           0     3181.52       15126
        W849           0     2528.79     12022.7
       W1062           0     2279.54     10837.7
        G113           0      4108.7     19534.1
        G306           0     2200.26     10460.7
       W1102           0     2229.49     10599.7
        W781           0     2376.66     11299.4
         G48           0     6309.73     29998.4
         W97           0     1834.58     8722.17
       W1126           0     2399.58     11408.4
       W1145           0     2445.07     11624.6
        W929           0     2718.25     12923.4
       W1075           0     1212.64     5765.29
       W1083           0     2070.43     9843.46
        W324           0     1120.23     5325.92
        W976           0     2191.98     10421.4
        W637           0     2114.53     10053.1
       W1084           0     3144.16     14948.4
        W710           0      3036.2     14435.1
        W468           0     2205.87     10487.4
        W985           0     2633.18       12519
        G876           0     1426.21     6780.66
        W756           0     2900.21     13788.5
        G512           0     3146.82       14961
        W997           0     1832.03     8710.06
        W151           0     1026.64     4880.97
        W640           0     2688.42     12781.6
       W1025           0     3263.89     15517.5
        G124           0        2655     12622.7
        W888           0     2431.46     11559.9
        W762           0     2106.31     10014.1
        G150           0     4317.01     20524.4
        W671           0      1960.3     9319.89
        W927           0     2942.51     13989.6
         G93           0      3259.5     15496.7
        W799           0     1508.53     7172.04
        G753           0     2122.77     10092.3
        W902           0     3766.48       17907
        G793           0     3108.72     14779.8
       W1013           0      2286.9     10872.7
        G456           0     3323.11     15799.1
        W318           0     1637.83     7786.76
        W935           0     1173.79     5580.56
        W541           0     2968.23     14111.9
        W944           0     465.231     2211.86
        G164           0     2907.15     13821.5
        G213           0     4649.55     22105.4
        W273           0      3575.7       17000
        G759           0      1544.1     7341.14
        W928           0     2055.17     9770.95
         W87           0     1402.62      6668.5
       W1112           0     868.955     4131.29
        G541           0     3437.93       16345
        W971           0      2034.7      9673.6
        W968           0     1379.13      6556.8
        W939           0     1671.12     7945.05
        W135           0      2267.1     10778.5
        W843           0     3507.09     16673.8
        W967           0     3196.24     15195.9
         W82           0     257.397     1223.74
       W1040           0      2008.1     9547.13
        W966           0     2788.81     13258.9
         G55           0     2621.54     12463.6
        W334           0      1951.4     9277.57
        W216           0     2377.49     11303.3
        W963           0     2252.45     10708.9
       W1099           0     1842.46     8759.62
        W962           0     2291.91     10896.5
        G792           0     2110.32     10033.1
        G662           0     2895.83     13767.7
        G111           0     3375.59     16048.6
        G821           0     1912.19     9091.15
        G776           0     3060.93     14552.6
        W598           0     1342.35     6381.95
        W959           0     2142.38     10185.5
        W884           0     2381.14     11320.7
        W184           0     1541.75     7329.95
        G760           0     1307.35     6215.57
        W632           0     1697.18     8068.93
        G415           0     5958.26     28327.5
        G216           0     2246.11     10678.7
        W957           0     2825.72     13434.3
        W856           0     2755.82     13102.1
       W1100           0     2156.86     10254.4
        G537           0     5276.19     25084.7
        W980           0     1491.96     7093.26
        G515           0     3295.46     15667.6
        W797           0     1783.18     8477.82
        W954           0     1991.19     9466.75
        W759           0     1587.45     7547.26
        G778           0     2181.81       10373
        W565           0     1569.23     7460.62
        W838           0     2880.23     13693.5
        G875           0     3095.88     14718.8
        W875           0     2332.56     11089.7
        W528           0           0           0
        W520           0     2177.61       10353
        G855           0        3067     14581.5
        W810           0     2434.58     11574.8
        W950           0     2571.22     12224.4
        W946           0     2831.05     13459.7
        G424           0     2809.76     13358.5
        W837           0     2367.41     11255.4
        W753           0        1632     7759.03
        G158           0     5051.47     24016.3
        G426           0     1893.91     9004.26
        W152           0     2205.38     10485.1
        W958           0     4061.22     19308.3
         W98           0      2161.5     10276.4
       W1039           0     2116.43     10062.2
        W870           0     2703.13     12851.5
        G166           0     3889.36     18491.2
        W864           0     3370.17     16022.8
        G630           0     4953.68     23551.3
        W918           0     4218.66     20056.9
        G785           0     3414.03     16231.4
         W91           0     651.508     3097.47
       W1148           0     2222.29     10565.5
        G121           0     3988.79       18964
        W861           0        2126     10107.7
        G739           0     2418.43       11498
        W784           0     1232.54     5859.88
        W312           0     1739.39     8269.63
        W621           0     1478.64     7029.94
        W936           0     2008.95     9551.17
        W917           0     3058.61     14541.6
        G272           0     2997.01     14248.7
        W786           0      3299.6     15687.3
        W873           0     2847.79     13539.3
        W303           0     2348.14     11163.8
        G115           0     3384.31     16090.1
        W584           0     1089.99     5182.15
       W1128           0     3009.27       14307
        G361           0     3165.76       15051
        W261           0     1591.26     7565.36
        G663           0     3744.13     17800.8
        W311           0     1631.02     7754.38
       W1023           0     2642.71     12564.3
        G738           0      2590.5     12316.1
        W559           0     1615.99     7682.92
        W965           0     2504.04       11905
        G177           0     2588.42     12306.2
        W901           0     2062.97     9807.99
        W895           0     3212.99     15275.6
        W314           0     1925.34     9153.67
        G395           0     2666.57     12677.7
        W501           0     2487.25     11825.2
       W1147           0     1287.84     6122.79
        W892           0     1561.55      7424.1
        G147           0     3492.79     16605.8
        G366           0     2777.61     13205.6
        W924           0      2402.5     11422.2
        W889           0     2381.44     11322.1
        G172           0     4123.72     19605.5
        G446           0     4731.09     22493.1
        W449           0     1687.93     8024.97
        G744           0     6959.22     33086.3
       W1015           0     2432.53       11565
        W424           0      1333.8     6341.32
       W1022           0     2196.21     10441.5
         W73           0     1691.31     8041.01
        W990           0      1535.8     7301.68
        W879           0     4088.18     19436.5
         W33           0     1988.15     9452.31
        W847           0     2665.71     12673.6
        G513           0      2197.4     10447.1
        W872           0     1928.02      9166.4
        G631           0     3386.81       16102
       W1105           0     2285.47     10865.9
        W287           0     1529.05     7269.58
         G44           0     1555.15     7393.65
       W1046           0     2539.25     12072.4
        W507           0     2059.18        9790
        W867           0        1434     6817.68
        W911           0      2665.3     12671.7
        W905           0     1436.28     6828.52
        G757           0     3669.47     17445.8
        W270           0     1750.98      8324.7
        G275           0     2470.36     11744.9
        W815           0     2553.28     12139.1
        W743           0      1210.3     5754.17
        W865           0     2509.38     11930.4
         G87           0     2995.09     14239.6
        G893           0      3796.3     18048.8
        G719           0     4075.72     19377.3
         G22           0     6483.13     30822.8
        G358           0      3794.9     18042.2
        W779           0     2508.44     11925.9
        G726           0     3986.58     18953.5
          W1           0     3723.57       17703
       W1060           0     1671.25     7945.66
         W26           0     2218.97     10549.7
       W1109           0     1415.45     6729.51
        W844           0     3614.88     17186.3
        W336           0     2892.57     13752.2
        W953           0     2915.54     13861.4
        G795           0     3632.92       17272
         W58           0     2419.32     11502.2
        G184           0     4313.03     20505.5
        W943           0     2522.76       11994
        W498           0     2122.16     10089.4
        G780           0     1835.17     8724.99
        W648           0     2373.16     11282.7
        W839           0     2576.33     12248.7
        G800           0     2320.68     11033.2
        G271           0     3416.43     16242.8
         W42           0     1158.68     5508.72
        G423           0     3471.45     16504.4
        G392           0     2889.18     13736.1
        G602           0     3532.03     16792.4
       W1072           0     3250.11       15452
        G507           0     1088.86     5176.76
        W557           0     772.726     3673.78
       W1047           0     2406.66       11442
        G505           0     5364.85     25506.2
        W401           0     2078.36     9881.18
        G539           0     4383.85     20842.2
       W1066           0      2733.5     12995.9
        W975           0     1220.25     5801.45
        G595           0      3529.1     16778.5
        W115           0      1711.8     8138.45
        W355           0     1530.42     7276.11
          G5           0     5120.74     24345.6
        W993           0     1765.26     8392.59
        W948           0     3234.46     15377.6
        W285           0     1328.87     6317.85
        W923           0     2439.27     11597.1
        G723           0        3311     15741.5
        W945           0     706.028     3356.68
        G393           0     3020.77     14361.7
        W504           0     2183.92       10383
        W262           0     1616.22     7684.04
         W59           0     1325.28     6300.78
        G486           0     1551.18     7374.78
         G78           0     4078.89     19392.3
        W377           0     2153.57     10238.7
         W68           0      2062.8     9807.22
        G484           0     3040.11     14453.7
        G571           0     3321.29     15790.5
        G837           0     3821.11     18166.8
        G479           0     1769.48     8412.69
        G740           0     2449.29     11644.7
        W354           0     2012.42     9567.66
        W129           0     2415.71       11485
       W1059           0     1672.66     7952.33
       W1067           0     2062.73     9806.85
        G481           0     2960.59     14075.6
        W347           0     2152.04     10231.5
        G480           0     3750.85     17832.7
        G813           0     2239.31     10646.4
        W434           0     1750.27     8321.35
        W263           0     2763.81       13140
        W816           0     2448.19     11639.5
        W991           0     2033.97     9670.16
        G722           0     3172.55     15083.3
        G694           0     3099.86     14737.7
         W53           0      551.51     2622.05
        W341           0     2040.74     9702.35
        G478           0     3398.58     16157.9
        W845           0     2614.58     12430.6
       W1036           0     2671.13     12699.4
        W996           0     3285.76     15621.5
        G811           0     2100.91     9988.37
         W11           0     2046.97     9731.93
        G734           0     2962.22     14083.3
        W194           0      2069.2     9837.64
        W118           0     2485.99     11819.2
        W647           0     3624.88     17233.8
        W757           0     1715.74     8157.19
        W761           0     818.447     3891.16
        G745           0     856.811     4073.55
        G853           0     2622.59     12468.6
         W72           0     1004.17     4774.14
        G454           0      3770.9     17928.1
        W689           0     2145.13     10198.6
        G422           0     3924.29     18657.3
        W476           0     2349.72     11171.3
        W511           0     2016.87     9588.85
       W1106           0     1943.55     9240.24
       W1081           0     2580.93     12270.5
        G783           0     3529.82     16781.9
        G453           0     3008.19     14301.9
        W739           0      1683.1     8001.99
        G801           0     3629.19     17254.3
        G451           0      2567.5     12206.7
         G99           0     5368.14     25521.9
         G33           0     2904.97     13811.2
        G449           0     4100.64     19495.8
        G445           0     4678.99     22245.4
        G448           0     3307.02     15722.6
        W488           0      1606.3     7636.87
        G155           0     4797.51     22808.9
        W425           0     944.944     4492.56
       W1146           0     2447.96     11638.4
        G327           0      3761.2     17881.9
        G784           0     2337.16     11111.6
        G798           0     2689.51     12786.8
        G136           0     4165.56     19804.4
          G1           0     4565.54       21706
        W891           0     2068.75      9835.5
        W171           0     3303.32       15705
        G546           0      3407.7     16201.3
        W210           0     1513.36        7195
        W787           0      2805.1     13336.3
        G447           0     4022.78     19125.6
        W238           0     3016.87     14343.2
         W18           0      237.27     1128.06
        G598           0     5728.77     27236.4
         G28           0     2424.62     11527.4
         W29           0     1679.31     7983.95
        W772           0     2228.58     10595.4
        W977           0     2720.96     12936.3
        G568           0     3280.79     15597.9
         G39           0     4349.19     20677.4
        W208           0      2369.9     11267.2
        G754           0     3974.15     18894.4
        W575           0     1251.23     5948.75
        W915           0     3092.18     14701.2
        G762           0      2847.7     13538.9
        W302           0     1199.61     5703.31
       W1080           0     3173.41     15087.4
        G425           0     3098.31     14730.3
        W581           0     1004.69     4776.59
        G606           0     6292.05     29914.4
       W1122           0      1946.9     9256.18
        W653           0     1367.05     6499.39
        G570           0     4226.42     20093.7
        W898           0     1470.36     6990.55
        W836           0     1678.74     7981.28
        G633           0     2674.99     12717.8
        G475           0     5717.71     27183.8
        W616           0     1996.82     9493.52
        G420           0     5143.07     24451.8
        G845           0     2239.77     10648.6
        G419           0     3965.49     18853.2
        W590           0     1516.11     7208.06
        G245           0     3526.68       16767
        G141           0     4129.03     19630.7
        G767           0     3704.09     17610.4
        W112           0      1980.1        9414
          G9           0     4646.88     22092.7
        G109           0     5817.29     27657.3
        G186           0     2138.37     10166.5
        W289           0     3099.65     14736.7
        W594           0           0           0
        G181           0     3406.63     16196.2
        G178           0     4987.82     23713.7
        G140           0     3347.61     15915.6
        W359           0     2619.91     12455.9
        W778           0     3041.79     14461.6
         G16           0    -344.189    -1636.38
        G657           0     3624.56     17232.3
       W1028           0     2888.34     13732.1
        W583           0     2872.05     13654.7
        G165           0     3640.17     17306.5
        W878           0     1518.97     7221.67
       W1068           0     2078.55     9882.08
        W650           0     2501.85     11894.6
        W920           0     1807.62     8594.02
        G715           0     6094.49     28975.1
        G356           0     6564.32     31208.8
         G73           0     5373.09     25545.4
         G26           0     6228.06     29610.2
        W222           0     1268.97     6033.11
        W707           0     2620.18     12457.1
        W243           0      1085.5      5160.8
        G805           0     4194.83     19943.6
        G240           0     3758.68       17870
        W764           0     1593.94     7578.08
        G183           0     2533.65     12045.8
        G543           0     3523.08     16749.8
        G161           0     4207.32     20002.9
         G11           0     5706.92     27132.5
        W711           0     2121.62     10086.9
        G104           0     3408.35     16204.4
        W736           0     2338.98     11120.2
       W1026           0      2899.8     13786.6
        G820           0     3221.89     15317.9
        G572           0      3044.4       14474
        G387           0     3172.33     15082.3
       W1031           0      2037.3     9685.95
         G77           0     4150.94     19734.9
        W601           0     1903.35     9049.13
         G42           0     4140.83     19686.8
          G6           0     4500.13       21395
        G888           0     3741.06     17786.2
        W466           0     1304.94     6204.12
        W972           0      2209.3     10503.7
        G735           0     2567.92     12208.7
         G57           0     735.394     3496.29
        W568           0     1088.85     5176.71
        G808           0     2748.34     13066.5
         G74           0     5923.29     28161.2
          W8           0     1156.25      5497.2
       W1094           0     2315.18     11007.1
        G144           0     2921.55       13890
        W925           0     1099.07     5225.35
       W1001           0     3682.67     17508.6
        G131           0     4848.84     23052.9
        W521           0     2130.45     10128.8
        G176           0      3487.4     16580.2
        G143           0     4685.82     22277.9
        G877           0     2165.52     10295.6
        G603           0     2568.07     12209.4
         W35           0     2374.19     11287.6
        G135           0     3132.14     14891.2
       W1044           0     1240.05     5895.61
        G696           0     4800.32     22822.2
        G862           0      3636.2     17287.6
        W321           0     1066.04     5068.29
        G127           0     3571.89     16981.9
         W48           0     617.283     2934.76
        W613           0     2311.95     10991.7
        G844           0     2433.82     11571.1
         G88           0     4205.73     19995.4
        G126           0     4820.63     22918.8
        G867           0     3017.63     14346.8
        G328           0     3808.98     18109.1
        W713           0      2653.3     12614.6
        W791           0     2231.29     10608.3
        W863           0     1654.05     7863.89
        G772           0     2316.36     11012.7
        G880           0     2695.52     12815.4
         G72           0     3873.62     18416.4
        G276           0     3483.51     16561.7
        G153           0     2760.34     13123.5
        W940           0     2778.27     13208.8
        G265           0        3512     16697.2
        G359           0     2620.52     12458.8
         G91           0     4949.59     23531.9
        G729           0     2540.37     12077.7
        W644           0     2140.08     10174.6
       W1000           0     2992.94     14229.4
        G303           0     2721.12     12937.1
        W383           0     1674.34     7960.33
        G117           0      3638.3     17297.6
          G4           0     4891.24     23254.5
        G173           0     3453.89     16420.9
       W1079           0     3665.81     17428.4
         G58           0     2236.34     10632.3
        W657           0     1408.02     6694.16
        W161           0     1660.96     7896.74
        G659           0     3438.03     16345.5
        W603           0     2729.27     12975.8
        G116           0     3520.38       16737
        G336           0     1999.57      9506.6
       W1008           0     1569.22     7460.58
        G149           0     5425.86     25796.3
         G79           0     3570.86       16977
        W267           0     2165.89     10297.3
         G63           0     4376.34     20806.5
        W279           0     1321.45     6282.57
        W538           0     1606.07     7635.75
        G692           0     1905.14     9057.64
       W1142           0     2309.12     10978.3
        G138           0     5583.75     26546.9
        G174           0     3586.57     17051.7
        W149           0     954.431     4537.67
        G538           0     4309.48     20488.6
        W290           0     2203.07     10474.1
         G59           0      5044.3     23982.2
         G71           0     3935.14     18708.9
        W773           0     1663.61     7909.34
        W659           0     1418.69     6744.92
        G145           0     4004.47     19038.5
        G100           0     3611.12     17168.4
       W1058           0     3098.23       14730
         W64           0     1372.46     6525.11
        W606           0      1921.9      9137.3
        G242           0     3172.05     15080.9
        W328           0     2193.59       10429
         G81           0     3043.93     14471.8
        W828           0     2388.77       11357
        G741           0     3428.25       16299
        W495           0     2513.23     11948.7
       W1107           0     2552.94     12137.5
         G41           0     5781.76     27488.3
        W789           0     3502.31     16651.1
       W1101           0      2789.3     13261.2
        W185           0     2316.16     11011.8
        W276           0     2109.71     10030.2
        W857           0     2925.87     13910.5
        G205           0     5061.33     24063.2
        W628           0     7.10784     33.7929
        W230           0     3757.44     17864.1
        W556           0     692.349     3291.65
        G766           0     4202.94     19982.1
        W158           0      1519.4      7223.7
        G797           0     2347.95     11162.9
        G796           0     3437.06     16340.8
        G770           0     2230.31     10603.6
        G482           0     3646.47     17336.5
         W44           0     2281.19     10845.5
       W1078           0     2366.42     11250.7
        W793           0     1698.52     8075.32
        W819           0     3428.85     16301.8
        W801           0     1539.84     7320.89
        W227           0     2499.96     11885.6
       W1011           0     3791.02     18023.7
        G180           0     3197.54     15202.1
        G736           0     2477.28     11777.8
        G129           0     2488.87     11832.9
        W600           0      1523.8     7244.65
         G20           0     4030.65       19163
        W277           0     1295.17     6157.63
        W107           0     2453.77       11666
       W1137           0     2067.72      9830.6
        G688           0     4846.04     23039.6
        W822           0     2751.99     13083.8
        W869           0     2036.08     9680.17
        G108           0     3271.16     15552.2
        G274           0     2549.02     12118.8
         G23           0     725.258      3448.1
        W232           0     2116.91     10064.5
        W531           0     2404.38     11431.2
        G105           0     5317.98     25283.3
        W343           0     1663.91     7910.74
       W1131           0      1798.4     8550.16
         G18           0     5088.64       24193
        W386           0     1243.31     5911.09
         G86           0     3523.56     16752.1
        W371           0     1750.59     8322.84
        G302           0        2351     11177.4
        W788           0     3409.84     16211.5
        W384           0     1945.74     9250.67
        W760           0     1054.41     5013.01
        G605           0     4505.64     21421.2
         G46           0     4330.35     20587.8
        G244           0     2681.59     12749.1
         G62           0     6381.75     30340.8
        W582           0     2712.34     12895.3
        W257           0     2587.26     12300.7
          W6           0     364.455     1732.74
       W1074           0     2353.82     11190.8
        W775           0     3043.57     14470.1
        W733           0     2590.74     12317.2
        W715           0     1740.06     8272.78
        G626           0     6528.75     31039.8
         W54           0     1781.46     8469.63
        G655           0      5771.9     27441.4
        G636           0     3049.64       14499
        G268           0     1039.17     4940.52
        W535           0      1228.1     5838.78
        W913           0     1259.88     5989.89
         G19           0     4475.66     21278.7
        G110           0     5690.28     27053.4
         G95           0     4624.12     21984.5
        W951           0     3342.18     15889.8
        W140           0     1429.21     6794.93
        G782           0      2578.2     12257.6
        W104           0     1740.06     8272.81
        G114           0     5009.59     23817.2
        W852           0     3101.33     14744.7
         G43           0     4322.88     20552.3
        W685           0     1150.74     5470.98
       W1139           0     1501.66     7139.35
        G755           0     3239.49     15401.5
        G103           0      5497.6     26137.4
        G689           0      5574.5     26502.9
        G130           0     3842.98     18270.7
         G31           0     3019.45     14355.4
       W1104           0     1419.42     6748.35
        G171           0     3894.85     18517.3
        W942           0     716.739      3407.6
         G66           0     6116.69     29080.7
       W1032           0     2384.92     11338.6
        G330           0     5709.31     27143.9
       W1030           0     1208.01     5743.24
        W803           0     1713.27      8145.4
        G235           0     3932.44       18696
        W677           0     2588.52     12306.7
        W146           0     1209.16     5748.71
        W783           0     2878.22       13684
        G152           0     2400.65     11413.4
        W719           0     2467.84     11732.9
        W248           0     2806.24     13341.8
        W808           0     1011.36     4808.31
        W361           0     1737.38     8260.07
        G175           0     4052.13     19265.1
        W398           0     2266.35     10774.9
        W639           0     2806.24     13341.7
        G169           0     4396.58     20902.7
         G56           0     4024.39     19133.2
        W667           0     2109.03       10027
         G29           0     6172.35     29345.3
         G68           0     3706.83     17623.4
        W987           0     1454.06     6913.07
        W515           0     2456.85     11680.6
        W904           0     1502.01     7141.04
         G89           0     4608.04     21908.1
        G477           0     3315.22     15761.6
        G386           0     282.079     1341.09
        W765           0     1552.07     7379.03
          G7           0      3458.6     16443.3
        W250           0     2395.16     11387.4
        W502           0     482.209     2292.58
        G807           0     2942.16       13988
        G695           0     4142.36     19694.1
        W821           0     2869.87     13644.3
         G70           0     5727.47     27230.2
         W10           0     949.637     4514.87
        W444           0     1996.98     9494.29
        W745           0      2141.9     10183.3
        G417           0     3438.44     16347.4
        G210           0     3337.63     15868.2
        G597           0     6480.38     30809.8
        W169           0     1669.65     7938.07
        W618           0     2259.83     10743.9
        W851           0      2865.3     13622.5
         G40           0     6101.65     29009.2
        W914           0     3698.59     17584.3
        G769           0     2756.79     13106.6
       W1088           0      4504.1     21413.9
        W127           0     1056.22     5021.61
         W85           0     858.988      4083.9
        G154           0     5528.76     26285.5
        G120           0     3966.11     18856.1
        G215           0     4511.36     21448.5
         G38           0     3844.14     18276.2
        W224           0     2243.39     10665.8
        G357           0     4778.53     22718.6
        W678           0     2010.17        9557
         G34           0     811.496     3858.11
       W1092           0     2014.03     9575.34
        G112           0     2755.65     13101.2
        W737           0     2319.16       11026
        W455           0     994.015     4725.86
         G85           0     4262.76     20266.5
        W486           0     1615.09     7678.63
        G364           0     2178.36     10356.6
        W574           0      1245.9     5923.42
        G833           0     2374.64     11289.8
        G418           0     3558.75     16919.4
         G30           0      5449.2     25907.2
       W1116           0     3989.35     18966.6
        W101           0     2104.37     10004.8
        G299           0     3880.62     18449.7
        W393           0     1921.39     9134.92
        G170           0     2265.72       10772
         W86           0     383.754     1824.49
        W442           0     1447.84     6883.48
         G61           0     3805.87     18094.3
        G243           0      4429.8     21060.7
        W487           0     1729.57     8222.91
        G134           0     2502.32     11896.8
        W661           0     925.404     4399.66
       W1125           0     1529.22     7270.42
        W900           0      2495.9     11866.3
        G804           0     3698.15     17582.2
        W876           0     3348.28     15918.8
        G752           0     2796.01     13293.1
         G10           0     5238.44     24905.2
        W411           0     1421.38     6757.71
        G148           0     3648.65     17346.8
        G822           0     2581.12     12271.5
        W874           0     2946.85     14010.2
         G54           0     2196.21     10441.5
        G485           0     2471.29     11749.3
        W399           0     1300.38     6182.44
        W984           0     3802.38     18077.7
        G774           0     3144.49     14949.9
         W70           0     1519.06     7222.11
         G60           0     4579.51     21772.4
        G137           0     3479.88     16544.4
        W626           0        1249     5938.15
        G301           0     4094.14     19464.8
         G64           0     5616.56     26702.9
        G733           0     2311.51     10989.6
        W646           0     4030.85     19163.9
        G133           0     2831.87     13463.6
        G396           0     3653.65     17370.6
        W445           0     2083.47     9905.46
