    0.321468
   -0.283136
   -0.365389
   -0.507829
  -0.0741552
   0.0134938
    0.123207
  -0.0453224
   0.0705505
   0.0220884
 -0.00893853
   0.0961019
    0.123269
   0.0987966
  -0.0125036
   -0.301202
  -0.0288519
    0.041941
   -0.229807
   0.0663167
  -0.0683079
   -0.542132
    0.120044
 -0.00498177
  -0.0180534
   -0.115177
   -0.434657
   -0.573756
    0.159604
    0.350014
    0.104595
    0.187958
    0.149917
   -0.431124
    0.159829
     0.14158
   0.0906214
   0.0141453
  -0.0455896
   -0.146967
   -0.119868
    0.027314
   0.0308502
   -0.090749
    0.142724
    0.137657
   0.0564809
   -0.016254
   0.0710065
   0.0777112
  -0.0294965
   0.0826598
   -0.287055
    0.216869
    0.110504
    0.123216
   0.0796582
   -0.103131
    0.169096
   0.0963717
   0.0931399
    -0.25894
    0.160519
  -0.0418924
   -0.122547
   -0.055582
   0.0878093
   0.0602266
  -0.0344521
  -0.0533631
   0.0231484
  -0.0180714
   0.0190978
  -0.0968924
    0.114301
   -0.222992
    0.148911
   0.0787969
   0.0808744
   0.0985294
  0.00272497
   -0.126927
   0.0283796
  -0.0196353
   0.0896221
    0.054867
    0.128732
   -0.024012
   0.0790159
    0.163503
   0.0397097
   0.0775047
    0.120837
    0.076666
   -0.207819
    0.073624
   -0.055269
   -0.166695
   0.0340765
    0.088123
   0.0170346
  -0.0382785
  -0.0346749
   0.0515422
    0.048698
   0.0810352
  -0.0466614
    0.115683
  -0.0200494
   -0.247414
  0.00626931
   0.0645198
   0.0759131
   0.0593967
    0.115516
   0.0579693
   0.0737423
    0.118194
    0.163287
   -0.304823
 -0.00500194
     0.15548
   0.0828133
    0.106295
   0.0871752
   0.0989381
    0.102119
    0.052369
    0.111123
   0.0113485
   0.0928459
    0.083015
   0.0838584
   0.0562263
   0.0265096
   0.0870178
   0.0967403
  -0.0589028
  0.00843161
   0.0610682
   0.0460366
   -0.187532
  -0.0367755
    0.096668
   -0.079414
   -0.168845
   0.0707054
  -0.0232907
   -0.116115
  0.00326819
  0.00314564
    0.139071
     0.11246
   0.0912552
   -0.198542
   0.0965356
  -0.0995748
   0.0724668
   0.0702723
   0.0294933
  0.00537712
    0.019682
   0.0866429
    0.102488
 -0.00812565
   0.0860159
    0.117086
   0.0746797
  -0.0867717
   0.0890655
 -0.00398477
   0.0789247
   0.0753905
  -0.0567623
   0.0952621
   0.0588375
    0.052998
   0.0217338
   0.0705083
  -0.0184827
  -0.0365143
    0.127483
    0.153868
   -0.114804
  -0.0803813
    0.105166
    -3.62071
    -3.62071
    -3.62071
    -3.62071
    -3.62071
    -3.62071
    -3.62071
    -3.62071
    -3.62071
    -3.62071
    -3.62071
    -3.62071
    -3.62071
    -3.62071
    -3.62071
    -3.62071
    -3.62071
    -3.62071
  0.00997218
    0.083555
   -0.165528
   -0.143831
    0.048733
  -0.0554191
-0.000351647
   0.0105592
  -0.0822286
   -0.158573
   -0.160685
   0.0354347
    -3.62071
    -3.62071
    -3.62071
    -3.62071
    -3.62071
    -3.62071
    -3.62071
    -3.62071
    -3.62071
    -3.62071
    -3.62071
    -3.62071
    -3.62071
    -3.62071
    -3.62071
    -3.62071
    -3.62071
    -3.62071
  -0.0373178
   0.0218609
   0.0158923
   0.0574714
  -0.0064805
  -0.0381975
   -0.202595
   0.0982435
   -0.172261
    0.108502
   0.0791063
   0.0392366
    -3.62071
    -3.62071
    -3.62071
    -3.62071
    -3.62071
    -3.62071
    -3.62071
    -3.62071
    -3.62071
    -3.62071
    -3.62071
    -3.62071
    -3.62071
    -3.62071
    -3.62071
    -3.62071
    -3.62071
    -3.62071
   0.0929774
   0.0899957
   0.0579299
   0.0732527
   -0.228945
   -0.305245
   0.0725871
   0.0882795
   0.0259774
     0.09819
   0.0875592
    0.014827
    -3.62071
    -3.62071
    -3.62071
    -3.62071
    -3.62071
    -3.62071
    -3.62071
    -3.62071
    -3.62071
    -3.62071
    -3.62071
    -3.62071
    -3.62071
    -3.62071
    -3.62071
    -3.62071
    -3.62071
    -3.62071
   0.0106618
  -0.0304481
   -0.200919
  0.00844596
   0.0849297
   0.0397301
  -0.0172232
    0.126423
    0.125654
    0.127698
    0.101325
    0.088715
    -3.62071
    -3.62071
    -3.62071
    -3.62071
    -3.62071
    -3.62071
    -3.62071
    -3.62071
    -3.62071
    -3.62071
    -3.62071
    -3.62071
    -3.62071
    -3.62071
    -3.62071
    -3.62071
    -3.62071
    -3.62071
   -0.122862
   -0.132508
  -0.0137438
   -0.113716
  0.00802812
   -0.203551
  0.00262366
    0.113019
    0.109406
     0.11436
   0.0932245
   0.0527483
    -3.62071
    -3.62071
    -3.62071
    -3.62071
    -3.62071
    -3.62071
    -3.62071
    -3.62071
    -3.62071
    -3.62071
    -3.62071
    -3.62071
    -3.62071
    -3.62071
    -3.62071
    -3.62071
    -3.62071
    -3.62071
   0.0281544
  -0.0516207
  0.00982633
   0.0642477
  -0.0266913
   -0.154873
    0.103596
    0.122779
    0.100786
    0.137088
   0.0972926
   0.0795319
    -3.62071
    -3.62071
    -3.62071
    -3.62071
    -3.62071
    -3.62071
    -3.62071
    -3.62071
    -3.62071
    -3.62071
    -3.62071
    -3.62071
    -3.62071
    -3.62071
    -3.62071
    -3.62071
    -3.62071
    -3.62071
   0.0871711
   0.0642859
   0.0579006
   0.0303237
   -0.107422
    0.135553
    0.141019
   0.0905382
   0.0485154
   0.0736155
   0.0967778
   0.0552572
    -3.62071
    -3.62071
    -3.62071
    -3.62071
    -3.62071
    -3.62071
    -3.62071
    -3.62071
    -3.62071
    -3.62071
    -3.62071
    -3.62071
    -3.62071
    -3.62071
    -3.62071
    -3.62071
    -3.62071
    -3.62071
    -0.15322
  -0.0297685
   0.0519685
   0.0342041
  -0.0265079
   -0.065031
    0.119055
    0.105713
   0.0758563
   0.0958134
  -0.0797828
    0.128495
    -3.62071
    -3.62071
    -3.62071
    -3.62071
    -3.62071
    -3.62071
    -3.62071
    -3.62071
    -3.62071
    -3.62071
    -3.62071
    -3.62071
    -3.62071
    -3.62071
    -3.62071
    -3.62071
    -3.62071
    -3.62071
   0.0215984
   -0.165621
  0.00915112
  -0.0040995
   0.0079419
  -0.0175507
    0.159463
    0.131368
    0.117496
   0.0550643
   0.0874022
   0.0927162
    -3.62071
    -3.62071
    -3.62071
    -3.62071
    -3.62071
    -3.62071
    -3.62071
    -3.62071
    -3.62071
    -3.62071
    -3.62071
    -3.62071
    -3.62071
    -3.62071
    -3.62071
    -3.62071
    -3.62071
    -3.62071
  -0.0963054
   -0.119076
   0.0577254
  -0.0728775
   0.0602067
  -0.0221378
   0.0923917
     0.10018
    0.134744
    0.066435
   0.0676648
    0.142721
    -3.62071
    -3.62071
    -3.62071
    -3.62071
    -3.62071
    -3.62071
    -3.62071
    -3.62071
    -3.62071
    -3.62071
    -3.62071
    -3.62071
    -3.62071
    -3.62071
    -3.62071
    -3.62071
    -3.62071
    -3.62071
  -0.0556538
   0.0267593
   0.0734061
  0.00172423
   0.0257013
   0.0293417
   -0.014182
  -0.0203138
   0.0758242
   0.0322287
   0.0459648
   0.0670251
    -3.62071
    -3.62071
    -3.62071
    -3.62071
    -3.62071
    -3.62071
    -3.62071
    -3.62071
    -3.62071
    -3.62071
    -3.62071
    -3.62071
    -3.62071
    -3.62071
    -3.62071
    -3.62071
    -3.62071
    -3.62071
  -0.0664801
   0.0390349
  -0.0254758
   -0.056407
   0.0402983
  -0.0268341
   0.0399469
   0.0719381
  -0.0359865
  -0.0544939
   0.0147955
  0.00362762
    -3.62071
    -3.62071
    -3.62071
    -3.62071
    -3.62071
    -3.62071
    -3.62071
    -3.62071
    -3.62071
    -3.62071
    -3.62071
    -3.62071
    -3.62071
    -3.62071
    -3.62071
    -3.62071
    -3.62071
    -3.62071
  -0.0505311
  -0.0829033
   0.0262887
   0.0326562
    0.115637
  -0.0844766
   0.0910787
    0.122915
   0.0920791
   0.0883698
   0.0835393
     0.09149
    -3.62071
    -3.62071
    -3.62071
    -3.62071
    -3.62071
    -3.62071
    -3.62071
    -3.62071
    -3.62071
    -3.62071
    -3.62071
    -3.62071
    -3.62071
    -3.62071
    -3.62071
    -3.62071
    -3.62071
    -3.62071
  -0.0164221
   0.0274696
  -0.0780522
   -0.286885
    -0.28585
  -0.0336923
    0.109325
  -0.0444485
    0.129617
   0.0935326
  -0.0470536
   -0.136367
    -3.62071
    -3.62071
    -3.62071
    -3.62071
    -3.62071
    -3.62071
    -3.62071
    -3.62071
    -3.62071
    -3.62071
    -3.62071
    -3.62071
    -3.62071
    -3.62071
    -3.62071
    -3.62071
    -3.62071
    -3.62071
   0.0138336
  -0.0796578
  -0.0246641
 -0.00165787
  -0.0858178
   0.0126587
   0.0778732
   0.0033699
     0.10272
   -0.204143
   0.0500864
   0.0726303
    -3.62071
    -3.62071
    -3.62071
    -3.62071
    -3.62071
    -3.62071
    -3.62071
    -3.62071
    -3.62071
    -3.62071
    -3.62071
    -3.62071
    -3.62071
    -3.62071
    -3.62071
    -3.62071
    -3.62071
    -3.62071
 -0.00500362
   0.0579289
   0.0698405
  0.00114053
  -0.0553338
  -0.0783415
    0.131666
    0.145249
  -0.0369467
    0.141107
    0.102062
   0.0922606
    -3.62071
    -3.62071
    -3.62071
    -3.62071
    -3.62071
    -3.62071
    -3.62071
    -3.62071
    -3.62071
    -3.62071
    -3.62071
    -3.62071
    -3.62071
    -3.62071
    -3.62071
    -3.62071
    -3.62071
    -3.62071
   -0.306257
   0.0239855
   -0.166877
    -0.10719
   0.0623895
   -0.371217
    0.085509
   0.0687912
    0.105735
    0.104711
    0.116617
   0.0426467
    -3.62071
    -3.62071
    -3.62071
    -3.62071
    -3.62071
    -3.62071
    -3.62071
    -3.62071
    -3.62071
    -3.62071
    -3.62071
    -3.62071
    -3.62071
    -3.62071
    -3.62071
    -3.62071
    -3.62071
    -3.62071
    -0.12246
   -0.187898
  -0.0350425
  -0.0401576
    0.037311
   -0.059656
   0.0939488
    0.147243
   0.0724056
   0.0614281
  0.00996332
   0.0686337
    0.134853
   0.0717388
   0.0285057
     0.10095
    0.103236
    0.141043
   0.0984035
     0.10353
    0.132674
   0.0961507
  -0.0584654
   0.0862877
   0.0786438
    0.107033
    0.115925
    0.084578
    0.107454
   0.0292619
    0.123782
   0.0557241
   0.0791792
    0.110617
    0.159366
    0.116106
   -0.048933
  -0.0163681
    0.122379
    0.041377
    0.109562
   0.0819572
 -0.00169278
    0.129833
    0.105113
   0.0264641
    0.052632
    0.111807
  -0.0812688
     0.08866
   0.0872142
   0.0984051
 -0.00320186
   0.0952958
    0.107087
    0.103726
    0.138335
    0.104462
    0.125584
    0.130302
 0.000873559
  -0.0286237
   0.0744208
    0.104933
   0.0738655
    0.101105
  0.00100516
    0.192513
   0.0840269
   0.0920541
    0.105208
    0.088789
   0.0309018
    0.117202
   0.0440744
   0.0987049
   0.0971139
    0.107079
    0.117061
    0.125267
    0.107945
     0.08237
     0.10649
   0.0872592
    0.090798
    0.117238
    0.124901
   0.0889066
   0.0740264
    0.066498
    0.117867
   0.0435321
   0.0961363
    0.149857
    0.122814
   0.0206938
   0.0129375
    0.108791
   0.0897225
    0.130318
     0.13073
    0.107534
   0.0291836
   0.0998537
   0.0967302
   0.0879366
    0.110751
   0.0687438
   0.0412569
   0.0194469
    0.131679
   0.0816287
   0.0760268
    0.072491
   0.0793465
    0.112959
    0.118301
    0.107366
   0.0448537
    0.107748
    0.136105
    0.129622
    0.166117
    0.143472
     0.18132
    0.079069
   0.0600345
    0.200695
    0.171193
     0.15736
    0.146522
    0.155446
    0.161339
    0.145528
   0.0947197
    0.100096
    0.102043
    0.126688
    0.142816
   0.0744326
   0.0964587
    0.130563
    0.112371
  -0.0470183
   0.0822933
   0.0991759
   0.0752639
   0.0848514
  -0.0559455
    0.111241
   0.0447287
  -0.0280696
   0.0708985
    0.170336
   0.0225849
    0.348399
    0.242194
  -0.0200604
   -0.015944
  -0.0653974
   0.0567838
    0.110949
    0.101358
 -0.00997463
     0.08343
   0.0106398
   0.0557945
   0.0527781
   0.0933958
   0.0682443
   0.0624007
   0.0642228
    0.105404
    0.079702
   0.0484772
   0.0782251
    0.148182
  -0.0621747
    0.100915
   0.0650681
 -0.00886439
    0.115937
     -0.4098
   -0.658182
   -0.491955
  0.00022466
    -3.62071
    -3.62071
    -3.62071
    -3.62071
    -3.62071
    -3.62071
    -3.62071
    -3.62071
    -3.62071
    -3.62071
    -3.62071
    -3.62071
    -3.62071
    -3.62071
    -3.62071
    -3.62071
    -3.62071
    -3.62071
    -3.62071
    -3.62071
    -3.62071
    -3.62071
    -3.62071
    -3.62071
    -3.62071
    -3.62071
    -3.62071
    -3.62071
    -3.62071
    -3.62071
    -3.62071
    -3.62071
    -3.62071
    -3.62071
    -3.62071
    -3.62071
    -3.62071
    -3.62071
    -3.62071
    -3.62071
    -3.62071
    -3.62071
    -3.62071
    -3.62071
    -3.62071
    -3.62071
    -3.62071
    -3.62071
    -3.62071
    -3.62071
    -3.62071
    -3.62071
    -3.62071
    -3.62071
    -3.62071
    -3.62071
    -3.62071
    -3.62071
    -3.62071
    -3.62071
    -3.62071
    -3.62071
    -3.62071
    -3.62071
    -3.62071
    -3.62071
    -3.62071
    -3.62071
    -3.62071
    -3.62071
    -3.62071
    -3.62071
    -3.62071
    -3.62071
    -3.62071
    -3.62071
    -3.62071
    -3.62071
    -3.62071
    -3.62071
    -3.62071
    -3.62071
    -3.62071
    -3.62071
    -3.62071
    -3.62071
    -3.62071
    -3.62071
    -3.62071
    -3.62071
    -3.62071
    -3.62071
    -3.62071
    -3.62071
    -3.62071
    -3.62071
    -3.62071
    -3.62071
    -3.62071
    -3.62071
     0.13486
    0.101392
    0.085409
   0.0834633
    0.108987
    0.086865
    0.100261
   0.0859405
   0.0816066
    0.100938
   0.0873852
   0.0869601
   0.0825891
   0.0887366
    0.101455
   0.0937255
   0.0877825
   0.0931857
   0.0965639
   0.0964734
   0.0922946
   0.0923371
    0.085829
   0.0854852
   0.0852335
   0.0944255
   0.0832515
   0.0764497
    0.103216
   0.0911519
   0.0991945
   0.0937615
   0.0794871
    0.113466
   0.0987626
   0.0935226
   0.0735506
   0.0833591
    0.077768
   0.0918671
   0.0673608
    0.073916
   0.0733538
   0.0684248
   0.0635119
   0.0706692
   0.0757285
   0.0681525
   0.0767158
   0.0882707
   0.0759051
   0.0770679
   0.0910849
   0.0854969
    0.068892
   0.0728341
   0.0786868
   0.0846728
   0.0842142
   0.0725335
   0.0731624
   0.0762541
   0.0777469
   0.0772161
   0.0864987
   0.0955625
   0.0909935
   0.0916331
   0.0925472
   0.0818319
   0.0810352
   0.0790266
   0.0723669
   0.0751485
   0.0740327
   0.0761133
    0.071188
   0.0724969
   0.0700818
   0.0768389
   0.0713083
    0.072294
   0.0699628
   0.0818746
   0.0746676
   0.0709031
   0.0848672
   0.0664904
   0.0702265
   0.0701962
    0.065878
   0.0767752
   0.0695149
   0.0749652
   0.0749538
   0.0702352
   0.0661392
   0.0672731
   0.0694242
   0.0787403
   0.0769036
   0.0987436
   0.0974561
   0.0860704
   0.0794707
   0.0710639
   0.0699164
     0.07508
   0.0667929
   0.0806378
   0.0660237
   0.0666696
   0.0684235
   0.0685434
   0.0633596
   0.0682274
   0.0721562
   0.0738589
    0.069349
   0.0749967
   0.0805056
   0.0716354
   0.0654302
   0.0752535
   0.0666835
   0.0736491
   0.0737714
   0.0721269
   0.0761701
   0.0644993
   0.0702648
   0.0763912
   0.0744537
    0.070081
   0.0829679
   0.0995295
    0.100056
   0.0946681
   0.0747148
    0.081209
   0.0741431
   0.0709114
   0.0639729
   0.0623971
   0.0675025
    0.067856
   0.0688818
    0.068123
   0.0743511
   0.0699056
   0.0757054
   0.0776054
   0.0689348
   0.0796095
     0.08697
   0.0703174
   0.0614649
   0.0837348
   0.0654351
   0.0670763
   0.0753563
   0.0701504
   0.0688599
    0.073219
   0.0762457
   0.0736218
   0.0818094
   0.0788735
   0.0729238
   0.0974018
   0.0945578
   0.0739482
   0.0742289
   0.0693975
   0.0823603
   0.0752521
    0.066333
   0.0668279
   0.0609858
   0.0656847
   0.0662713
   0.0630393
   0.0646491
   0.0554809
   0.0668355
   0.0715207
   0.0665026
   0.0643899
   0.0688564
   0.0615968
   0.0622414
   0.0602699
   0.0646056
   0.0621756
   0.0655613
   0.0726168
   0.0676428
   0.0725917
   0.0714272
   0.0732434
   0.0713112
   0.0772167
    0.078241
   0.0958672
   0.0975495
   0.0756362
   0.0680633
   0.0708716
   0.0646772
   0.0640166
   0.0689066
   0.0644277
   0.0509416
   0.0627104
   0.0716775
   0.0693492
   0.0631116
    0.065348
   0.0699238
    0.075892
   0.0674405
   0.0739324
   0.0765131
   0.0653544
   0.0954849
   0.0688367
   0.0695837
   0.0683254
   0.0828382
   0.0866321
    0.073777
   0.0703892
   0.0735719
   0.0785105
   0.0888021
   0.0834711
   0.0737554
   0.0914368
   0.0874451
   0.0706307
   0.0732657
   0.0700255
   0.0574881
   0.0733937
   0.0678153
   0.0635374
   0.0673664
   0.0717865
   0.0613538
   0.0593368
   0.0715861
   0.0638179
    0.066498
   0.0751397
   0.0709372
   0.0742985
   0.0751333
   0.0718065
   0.0759501
   0.0745341
   0.0717647
   0.0714797
   0.0762349
   0.0641768
   0.0733094
   0.0631669
   0.0669671
   0.0791568
   0.0721001
   0.0824947
   0.0796053
   0.0890465
   0.0826919
   0.0633444
   0.0717231
   0.0699926
   0.0632754
   0.0667581
   0.0688906
   0.0627906
   0.0610615
   0.0609367
   0.0688443
   0.0610876
   0.0678768
   0.0590009
   0.0668562
   0.0691637
   0.0815127
   0.0708432
   0.0856251
   0.0649424
   0.0713045
   0.0836842
   0.0795605
   0.0727544
   0.0683654
   0.0715277
   0.0731761
   0.0674891
   0.0710726
   0.0711424
   0.0789372
   0.0749366
   0.0803828
   0.0744617
   0.0824898
   0.0747008
   0.0704527
   0.0595391
   0.0686035
   0.0748973
   0.0598358
   0.0702995
   0.0663579
   0.0747468
   0.0645932
   0.0606921
   0.0616622
   0.0595048
   0.0653904
     0.08021
   0.0634299
   0.0671875
   0.0703954
   0.0658369
   0.0673622
   0.0718955
   0.0671102
   0.0687429
   0.0659164
   0.0631104
   0.0671881
   0.0646856
   0.0641344
   0.0601302
   0.0715715
   0.0653247
   0.0711303
   0.0837942
   0.0877996
   0.0768727
   0.0663962
   0.0643139
   0.0688435
   0.0698371
   0.0637571
   0.0580957
   0.0557861
   0.0648329
   0.0577881
   0.0558497
   0.0597604
   0.0594915
   0.0628319
   0.0677104
    0.064105
    0.064297
   0.0684402
   0.0668975
   0.0623326
   0.0658304
   0.0661869
   0.0649587
   0.0648582
   0.0789172
   0.0796149
   0.0601861
   0.0645442
   0.0680451
   0.0675995
   0.0666576
   0.0736803
   0.0831117
   0.0895303
   0.0740667
    0.073706
   0.0650577
   0.0666176
   0.0712134
   0.0648392
   0.0673617
   0.0631263
    0.068087
   0.0628044
   0.0646358
   0.0619834
   0.0650098
   0.0608639
   0.0654262
   0.0589216
   0.0592581
   0.0589677
   0.0607162
   0.0619411
   0.0614363
   0.0574648
   0.0551253
   0.0643279
   0.0639424
   0.0550283
   0.0614822
   0.0682522
   0.0673042
    0.064422
   0.0647121
   0.0713269
   0.0875402
   0.0827356
   0.0768551
   0.0682075
   0.0696625
   0.0634477
   0.0668079
   0.0615831
   0.0586683
   0.0663418
   0.0624408
   0.0613578
   0.0584546
   0.0585533
   0.0536058
    0.043623
   0.0421173
   0.0493004
   0.0437363
   0.0533414
   0.0453327
    0.061278
   0.0632953
   0.0624937
   0.0610451
   0.0587422
   0.0503257
   0.0577464
   0.0571131
   0.0659405
   0.0588421
    0.068518
   0.0670685
   0.0752463
   0.0821075
   0.0752271
   0.0724705
   0.0665734
   0.0666315
   0.0628178
   0.0594092
   0.0661801
   0.0585043
   0.0678895
   0.0747506
   0.0543009
   0.0562703
   0.0547388
   0.0488079
   0.0415611
   0.0319493
   0.0420824
   0.0335229
   0.0437457
   0.0400225
   0.0575087
   0.0524498
    0.056319
   0.0563748
   0.0601649
   0.0632953
    0.068512
   0.0631022
   0.0638559
   0.0675992
   0.0687409
   0.0609719
   0.0685041
   0.0836209
   0.0887945
   0.0699248
   0.0681728
   0.0763472
   0.0732198
   0.0702844
   0.0628798
   0.0599998
   0.0593832
   0.0695177
   0.0547572
    0.056989
   0.0482051
   0.0461339
   0.0161699
  0.00445863
   0.0568518
    0.128505
   0.0973289
   0.0370857
   0.0440208
   0.0540203
   0.0598601
   0.0583849
   0.0632111
   0.0624059
   0.0636574
   0.0645941
   0.0647458
   0.0582163
   0.0694519
   0.0642694
   0.0651322
   0.0772885
   0.0877689
   0.0787754
   0.0737836
   0.0748186
   0.0601975
   0.0601994
   0.0587358
   0.0603484
   0.0619056
   0.0628725
   0.0562217
   0.0485648
   0.0466843
   0.0281954
   0.0893542
    0.258692
    0.313004
  -0.0961405
    0.234487
   0.0131577
    0.033036
   0.0476141
   0.0509094
   0.0555614
   0.0566703
   0.0681024
   0.0612583
   0.0561034
   0.0609491
   0.0683623
   0.0686226
   0.0705556
   0.0677116
   0.0789472
   0.0849215
   0.0681003
    0.071165
   0.0692005
   0.0673876
   0.0674029
   0.0653603
   0.0713785
   0.0640379
   0.0728177
   0.0594169
   0.0569125
    0.036123
   0.0303103
   0.0772126
  0.00532038
    -3.62071
    -3.62071
    0.387951
   0.0128563
   0.0207221
   0.0362067
   0.0543181
   0.0513749
   0.0721442
    0.080471
   0.0711419
   0.0578134
   0.0657865
   0.0706155
   0.0685866
   0.0823118
   0.0821116
   0.0836559
   0.0860847
    0.071449
   0.0729096
     0.07619
   0.0679935
   0.0708644
   0.0702575
   0.0707923
   0.0724787
   0.0668343
   0.0610373
   0.0543395
   0.0347687
   0.0320537
   0.0414893
    -2.56969
    -3.62071
    -3.62071
   -0.034248
   0.0619042
   0.0252409
   0.0363045
    0.051676
     0.05461
   0.0718099
   0.0657256
    0.068855
     0.06758
   0.0618481
   0.0680942
   0.0627701
   0.0718786
   0.0704788
   0.0833075
   0.0807579
   0.0623164
   0.0649365
   0.0642402
   0.0629785
   0.0679483
   0.0663089
   0.0608504
    0.065531
   0.0639587
   0.0633176
   0.0545179
   0.0355195
   0.0249379
   0.0010464
    0.281721
   0.0699769
     3.83374
    0.279848
   0.0811967
   0.0307882
   0.0353149
   0.0562021
   0.0529501
   0.0587091
   0.0689565
   0.0735172
   0.0628755
   0.0622957
   0.0530739
   0.0609058
   0.0608466
   0.0687337
   0.0742987
   0.0875191
   0.0751274
   0.0719655
   0.0637005
   0.0615625
   0.0665576
   0.0628654
   0.0597301
   0.0570365
   0.0646867
   0.0611154
    0.058955
   0.0500022
   0.0379613
   0.0194487
    0.112779
    0.101994
    0.067099
   0.0223355
   0.0300459
    0.037571
   0.0521292
   0.0549826
   0.0596833
   0.0631438
    0.063214
   0.0707151
   0.0512733
   0.0608553
   0.0564674
   0.0634185
   0.0627994
   0.0649041
   0.0848002
   0.0919551
   0.0654893
   0.0692212
   0.0603139
    0.067602
   0.0685097
    0.061444
   0.0634828
   0.0649754
   0.0639083
   0.0624765
   0.0591311
    0.054535
   0.0440142
     0.03556
   0.0266498
   0.0221067
   0.0282727
   0.0332437
   0.0438699
    0.040224
   0.0520596
   0.0563282
   0.0562296
   0.0617905
   0.0640545
   0.0517244
   0.0577569
   0.0691019
    0.057365
     0.06269
    0.065434
   0.0699695
   0.0899175
    0.076137
   0.0698866
   0.0655734
   0.0749321
   0.0669688
   0.0645259
   0.0687483
   0.0658573
   0.0602175
    0.066721
   0.0569142
     0.05461
   0.0675198
   0.0594559
    0.041298
   0.0395386
   0.0373961
   0.0369431
   0.0438086
   0.0439702
   0.0548157
   0.0626185
   0.0527568
   0.0601934
   0.0580654
   0.0529872
   0.0612968
   0.0562212
   0.0722938
   0.0582902
   0.0616938
   0.0617797
   0.0767571
   0.0802363
   0.0808462
   0.0762617
   0.0780639
   0.0683915
    0.060269
   0.0642369
   0.0645216
   0.0645192
   0.0692791
   0.0580246
   0.0566735
   0.0547454
   0.0530836
   0.0688793
   0.0577502
   0.0519964
   0.0471653
   0.0662301
   0.0631919
     0.04946
   0.0525579
   0.0562447
   0.0565178
   0.0514634
   0.0576107
   0.0639141
   0.0635609
   0.0630231
   0.0625977
   0.0614938
   0.0705523
   0.0602053
   0.0638903
    0.079127
   0.0888626
    0.070671
   0.0724485
   0.0679688
   0.0681952
   0.0629541
   0.0802268
   0.0706591
   0.0654751
   0.0716016
   0.0624418
   0.0554976
   0.0553651
   0.0687539
   0.0569811
   0.0630331
   0.0675813
   0.0399141
   0.0280728
   0.0661398
   0.0637824
   0.0565365
    0.065353
   0.0558902
   0.0592612
   0.0613369
    0.066541
   0.0645957
   0.0608371
   0.0563519
   0.0635919
   0.0725852
   0.0634251
   0.0834378
    0.099257
   0.0747322
   0.0809301
   0.0739881
   0.0686671
   0.0670732
   0.0653361
   0.0576595
   0.0642368
   0.0666664
   0.0635506
   0.0605384
   0.0610197
   0.0631225
   0.0578602
    0.062652
   0.0625995
   0.0616062
   0.0115472
     0.06683
   0.0564259
   0.0615171
   0.0598164
   0.0555391
   0.0546852
   0.0619438
   0.0655496
   0.0556353
   0.0632085
   0.0645198
   0.0570593
   0.0581551
   0.0621767
   0.0806542
    0.095281
   0.0770418
   0.0731812
    0.075208
   0.0667239
   0.0567213
   0.0835366
   0.0767358
   0.0747528
   0.0643657
   0.0637269
   0.0591708
   0.0668251
    0.079533
   0.0605962
   0.0687245
   0.0630553
   0.0689912
   0.0826278
   0.0588963
   0.0616161
   0.0585986
    0.062576
   0.0688587
   0.0670016
   0.0669171
   0.0694467
   0.0621899
   0.0715525
    0.058432
   0.0547867
   0.0637387
   0.0729564
    0.086385
   0.0953322
   0.0759078
   0.0826622
   0.0731696
    0.063724
   0.0716312
  0.00830245
   0.0549064
   0.0598107
   0.0713728
   0.0694161
   0.0687455
   0.0621034
    0.063643
   0.0699354
   0.0805758
   0.0704204
   0.0681781
   0.0683058
   0.0590612
   0.0633788
    0.059947
    0.060624
   0.0675781
    0.059005
   0.0604775
   0.0887334
   0.0608874
   0.0678453
   0.0591102
   0.0690876
   0.0734166
   0.0716445
   0.0916679
   0.0970931
   0.0741972
   0.0739971
   0.0711223
   0.0665519
   0.0659618
   0.0760898
   0.0624588
   0.0814797
   0.0652286
   0.0765354
    0.072306
    0.067824
   0.0649623
   0.0677184
   0.0673221
   0.0580938
   0.0661622
    0.073029
    0.064055
   0.0700025
     0.06392
   0.0658887
   0.0587369
   0.0555684
   0.0566877
   0.0663073
   0.0627514
   0.0755339
   0.0613406
   0.0608292
    0.067078
   0.0689742
   0.0777796
    0.092882
   0.0800039
   0.0753334
    0.074246
   0.0768225
   0.0741144
   0.0693625
   0.0640437
   0.0624363
   0.0686265
   0.0674167
   0.0616748
   0.0715562
   0.0667303
   0.0641912
   0.0694914
   0.0777157
    0.062442
   0.0726274
   0.0613651
   0.0627261
   0.0590595
   0.0631183
   0.0616492
   0.0627488
   0.0613519
   0.0619529
   0.0595529
   0.0578482
    0.063329
   0.0650168
   0.0761185
   0.0681567
   0.0899693
   0.0984548
   0.0822201
    0.073627
   0.0676943
   0.0616361
   0.0723168
   0.0718436
   0.0739063
   0.0698212
   0.0772371
   0.0651982
   0.0616156
   0.0658323
   0.0635429
    0.067513
    0.075453
   0.0620924
   0.0600121
   0.0726415
   0.0602742
   0.0657922
   0.0625913
   0.0608764
   0.0640307
    0.071256
   0.0624834
   0.0901437
   0.0688395
   0.0662597
   0.0697881
   0.0707891
   0.0761756
   0.0821178
   0.0954122
   0.0947665
   0.0835307
   0.0811736
   0.0736473
   0.0706316
   0.0709287
   0.0712819
    0.072335
   0.0644032
   0.0640182
   0.0648157
   0.0635862
   0.0668564
   0.0661601
   0.0680835
   0.0731332
   0.0624067
   0.0646638
    0.076021
   0.0718039
   0.0632271
   0.0679161
   0.0760801
   0.0569367
   0.0696749
   0.0620985
    0.071301
   0.0633014
   0.0690812
   0.0735216
   0.0665033
   0.0790038
   0.0737554
   0.0926682
   0.0907645
   0.0780743
   0.0734645
   0.0788773
   0.0749287
   0.0755802
   0.0665146
   0.0758993
   0.0638548
   0.0698987
   0.0687914
   0.0666353
   0.0692493
   0.0652258
   0.0559599
   0.0744981
    0.064987
   0.0668014
   0.0752887
   0.0703158
   0.0626848
   0.0576633
   0.0640256
   0.0619244
   0.0720587
   0.0700073
   0.0700935
   0.0612664
   0.0681397
   0.0740823
   0.0745238
   0.0743321
   0.0847729
   0.0873216
   0.0874914
   0.0826568
   0.0796419
   0.0780636
   0.0842005
   0.0776583
   0.0746244
   0.0715056
   0.0650377
   0.0751002
   0.0746055
   0.0794762
   0.0808025
   0.0762021
   0.0807749
   0.0806168
   0.0764751
   0.0764762
   0.0849986
   0.0760845
   0.0705778
   0.0790015
     0.08126
   0.0760472
   0.0768199
   0.0711637
   0.0761882
    0.073313
   0.0717926
   0.0767387
   0.0897785
   0.0825529
   0.0813368
    0.100858
    0.120134
   0.0915731
   0.0896424
    0.102433
    0.105344
   0.0903756
   0.0842496
    0.081258
   0.0807412
   0.0840129
   0.0853397
   0.0825109
   0.0890952
   0.0848527
   0.0832651
    0.122589
   0.0862292
   0.0902949
   0.0904721
   0.0729429
   0.0693282
   0.0812903
   0.0844161
   0.0798907
   0.0771737
   0.0908511
   0.0909724
    0.100936
   0.0824353
   0.0948306
   0.0958468
   0.0933042
    0.103173
    0.112905
